order,min_memo,max_memo,sum_memo,memorized,d_moves,pin_changes,max_pin_changes
D FS L UL DR R dl,2,14,32,5,3,9,2
D L FS UL DR R dl,2,14,32,5,3,11,3
FS D L UL DR R dl,2,14,32,5,3,9,2
FS L D UL DR R dl,2,14,32,5,3,11,3
FS L UL D DR R dl,2,14,32,5,3,9,3
L D FS UL DR R dl,2,14,32,5,3,11,3
L FS D UL DR R dl,2,14,32,5,3,11,3
L FS UL D DR R dl,2,14,32,5,3,11,3
D FS L R DR UL dl,2,14,34,6,3,13,4
D FS L R UL DR dl,2,14,34,6,3,15,4
D FS L UL R DR dl,2,14,34,6,3,11,3
D FS R DR L UL dl,2,14,34,6,3,11,3
D FS R L DR UL dl,2,14,34,6,3,15,4
D FS R L UL DR dl,2,14,34,6,3,13,4
D L FS R DR UL dl,2,14,34,6,3,11,2
D L FS R UL DR dl,2,14,34,6,3,13,3
D L FS UL R DR dl,2,14,34,6,3,13,3
D L R FS DR UL dl,2,14,34,6,3,15,4
D L R FS UL DR dl,2,14,34,6,3,15,4
D R FS DR L UL dl,2,14,34,6,3,13,3
D R FS L DR UL dl,2,14,34,6,3,13,3
D R FS L UL DR dl,2,14,34,6,3,11,2
D R L FS DR UL dl,2,14,34,6,3,15,4
D R L FS UL DR dl,2,14,34,6,3,15,4
FS D L R DR UL dl,2,14,34,6,3,13,4
FS D L R UL DR dl,2,14,34,6,3,15,4
FS D L UL R DR dl,2,14,34,6,3,11,3
FS D R DR L UL dl,2,14,34,6,3,11,3
FS D R L DR UL dl,2,14,34,6,3,15,4
FS D R L UL DR dl,2,14,34,6,3,13,4
FS L D R DR UL dl,2,14,34,6,3,11,2
FS L D R UL DR dl,2,14,34,6,3,13,3
FS L D UL R DR dl,2,14,34,6,3,13,3
FS L R D DR UL dl,2,14,34,6,3,13,4
FS L R D UL DR dl,2,14,34,6,3,15,4
FS L R UL D DR dl,2,14,34,6,3,15,4
FS L UL D R DR dl,2,14,34,6,3,11,3
FS L UL R D DR dl,2,14,34,6,3,11,3
FS R D DR L UL dl,2,14,34,6,3,11,3
FS R D L DR UL dl,2,14,34,6,3,13,3
FS R D L UL DR dl,2,14,34,6,3,11,2
FS R L D DR UL dl,2,14,34,6,3,13,4
FS R L D UL DR dl,2,14,34,6,3,15,4
FS R L UL D DR dl,2,14,34,6,3,13,4
L D FS R DR UL dl,2,14,34,6,3,11,2
L D FS R UL DR dl,2,14,34,6,3,13,3
L D FS UL R DR dl,2,14,34,6,3,13,3
L D R FS DR UL dl,2,14,34,6,3,13,3
L D R FS UL DR dl,2,14,34,6,3,13,3
L FS D R DR UL dl,2,14,34,6,3,11,2
L FS D R UL DR dl,2,14,34,6,3,13,3
L FS D UL R DR dl,2,14,34,6,3,13,3
L FS R D DR UL dl,2,14,34,6,3,11,2
L FS R D UL DR dl,2,14,34,6,3,13,3
L FS R UL D DR dl,2,14,34,6,3,13,3
L FS UL D R DR dl,2,14,34,6,3,13,3
L FS UL R D DR dl,2,14,34,6,3,13,3
L R D FS DR UL dl,2,14,34,6,3,15,4
L R D FS UL DR dl,2,14,34,6,3,15,4
L R FS D DR UL dl,2,14,34,6,3,13,4
L R FS D UL DR dl,2,14,34,6,3,15,4
L R FS UL D DR dl,2,14,34,6,3,15,4
R D FS DR L UL dl,2,14,34,6,3,13,3
R D FS L DR UL dl,2,14,34,6,3,13,3
R D FS L UL DR dl,2,14,34,6,3,11,2
R D L FS DR UL dl,2,14,34,6,3,13,3
R D L FS UL DR dl,2,14,34,6,3,13,3
R FS D DR L UL dl,2,14,34,6,3,11,3
R FS D L DR UL dl,2,14,34,6,3,13,3
R FS D L UL DR dl,2,14,34,6,3,11,2
R FS L D DR UL dl,2,14,34,6,3,11,2
R FS L D UL DR dl,2,14,34,6,3,13,3
R FS L UL D DR dl,2,14,34,6,3,11,3
R L D FS DR UL dl,2,14,34,6,3,15,4
R L D FS UL DR dl,2,14,34,6,3,15,4
R L FS D DR UL dl,2,14,34,6,3,13,4
R L FS D UL DR dl,2,14,34,6,3,15,4
R L FS UL D DR dl,2,14,34,6,3,15,4
DR FS L UL D R dl,2,14,38,5,3,12,3
DR L FS UL D R dl,2,14,38,5,3,14,3
FS DR L UL D R dl,2,14,38,5,3,13,3
FS L DR UL D R dl,2,14,38,5,3,13,3
FS L UL DR D R dl,2,14,38,5,3,9,2
L DR FS UL D R dl,2,14,38,5,3,15,3
L FS DR UL D R dl,2,14,38,5,3,13,3
L FS UL DR D R dl,2,14,38,5,3,11,3
D dl DR L UL R FS,2,14,38,6,3,14,3
D dl DR R UL L FS,2,14,38,6,3,12,3
D dl L DR UL R FS,2,14,38,6,3,16,3
D dl R DR UL L FS,2,14,38,6,3,10,3
D DR dl L UL R FS,2,14,38,6,3,12,3
D DR dl R UL L FS,2,14,38,6,3,10,3
D DR L dl UL R FS,2,14,38,6,3,14,3
D DR L UL dl R FS,2,14,38,6,3,10,3
D DR R dl UL L FS,2,14,38,6,3,8,2
D L dl DR UL R FS,2,14,38,6,3,14,3
D L DR dl UL R FS,2,14,38,6,3,14,3
D L DR UL dl R FS,2,14,38,6,3,12,3
D R dl DR UL L FS,2,14,38,6,3,10,2
D R DR dl UL L FS,2,14,38,6,3,10,2
dl D DR L UL R FS,2,14,38,6,3,13,3
dl D DR R UL L FS,2,14,38,6,3,11,3
dl D L DR UL R FS,2,14,38,6,3,15,3
dl D R DR UL L FS,2,14,38,6,3,11,3
dl DR D L UL R FS,2,14,38,6,3,11,3
dl DR D R UL L FS,2,14,38,6,3,11,3
dl DR L D UL R FS,2,14,38,6,3,15,3
dl DR L R UL D FS,2,14,38,6,3,17,4
dl DR R D UL L FS,2,14,38,6,3,11,3
dl DR R L UL D FS,2,14,38,6,3,13,4
dl DR R UL D L FS,2,14,38,6,3,13,3
dl DR R UL L D FS,2,14,38,6,3,11,3
dl L D DR UL R FS,2,14,38,6,3,13,3
dl L DR D UL R FS,2,14,38,6,3,15,3
dl L DR R UL D FS,2,14,38,6,3,15,3
dl L R DR UL D FS,2,14,38,6,3,15,4
dl R D DR UL L FS,2,14,38,6,3,9,2
dl R DR D UL L FS,2,14,38,6,3,9,3
dl R DR L UL D FS,2,14,38,6,3,11,3
dl R DR UL D L FS,2,14,38,6,3,11,3
dl R DR UL L D FS,2,14,38,6,3,9,2
dl R L DR UL D FS,2,14,38,6,3,15,4
DR D dl L UL R FS,2,14,38,6,3,13,3
DR D dl R UL L FS,2,14,38,6,3,11,3
DR D L dl UL R FS,2,14,38,6,3,13,3
DR D L UL dl R FS,2,14,38,6,3,9,2
DR D R dl UL L FS,2,14,38,6,3,9,2
DR dl D L UL R FS,2,14,38,6,3,13,3
DR dl D R UL L FS,2,14,38,6,3,13,3
DR dl L D UL R FS,2,14,38,6,3,15,3
DR dl L R UL D FS,2,14,38,6,3,17,4
DR dl R D UL L FS,2,14,38,6,3,11,3
DR dl R L UL D FS,2,14,38,6,3,13,4
DR dl R UL D L FS,2,14,38,6,3,13,3
DR dl R UL L D FS,2,14,38,6,3,11,3
DR L D dl UL R FS,2,14,38,6,3,15,3
DR L D UL dl R FS,2,14,38,6,3,13,3
DR L dl D UL R FS,2,14,38,6,3,17,3
DR L dl R UL D FS,2,14,38,6,3,15,3
DR L R dl UL D FS,2,14,38,6,3,15,4
DR R D dl UL L FS,2,14,38,6,3,11,3
DR R dl D UL L FS,2,14,38,6,3,11,3
DR R dl L UL D FS,2,14,38,6,3,11,3
DR R dl UL D L FS,2,14,38,6,3,11,3
DR R dl UL L D FS,2,14,38,6,3,9,2
DR R L dl UL D FS,2,14,38,6,3,15,4
L D dl DR UL R FS,2,14,38,6,3,14,3
L D DR dl UL R FS,2,14,38,6,3,12,3
L D DR UL dl R FS,2,14,38,6,3,10,2
L dl D DR UL R FS,2,14,38,6,3,14,3
L dl DR D UL R FS,2,14,38,6,3,14,3
L dl DR R UL D FS,2,14,38,6,3,14,3
L dl R DR UL D FS,2,14,38,6,3,12,3
L DR D dl UL R FS,2,14,38,6,3,14,3
L DR D UL dl R FS,2,14,38,6,3,12,3
L DR dl D UL R FS,2,14,38,6,3,16,3
L DR dl R UL D FS,2,14,38,6,3,14,3
L DR R dl UL D FS,2,14,38,6,3,12,3
L R dl DR UL D FS,2,14,38,6,3,14,4
L R DR dl UL D FS,2,14,38,6,3,14,4
R D dl DR UL L FS,2,14,38,6,3,12,3
R D DR dl UL L FS,2,14,38,6,3,10,2
R dl D DR UL L FS,2,14,38,6,3,10,3
R dl DR D UL L FS,2,14,38,6,3,10,3
R dl DR L UL D FS,2,14,38,6,3,12,3
R dl DR UL D L FS,2,14,38,6,3,12,3
R dl DR UL L D FS,2,14,38,6,3,10,2
R dl L DR UL D FS,2,14,38,6,3,14,3
R DR D dl UL L FS,2,14,38,6,3,10,3
R DR dl D UL L FS,2,14,38,6,3,12,3
R DR dl L UL D FS,2,14,38,6,3,12,3
R DR dl UL D L FS,2,14,38,6,3,12,3
R DR dl UL L D FS,2,14,38,6,3,10,2
R DR L dl UL D FS,2,14,38,6,3,14,3
R L dl DR UL D FS,2,14,38,6,3,16,4
R L DR dl UL D FS,2,14,38,6,3,16,4
D DR FS L R UL dl,2,14,40,6,3,15,4
D DR FS L UL R dl,2,14,40,6,3,11,3
D DR FS R L UL dl,2,14,40,6,3,13,4
D DR L FS R UL dl,2,14,40,6,3,13,3
D DR L FS UL R dl,2,14,40,6,3,13,3
D DR L UL FS R dl,2,14,40,6,3,11,3
D FS DR L R UL dl,2,14,40,6,3,17,4
D FS DR L UL R dl,2,14,40,6,3,13,3
D FS DR R L UL dl,2,14,40,6,3,13,4
D FS L DR R UL dl,2,14,40,6,3,13,3
D FS L DR UL R dl,2,14,40,6,3,13,3
D L DR FS R UL dl,2,14,40,6,3,15,3
D L DR FS UL R dl,2,14,40,6,3,15,3
D L DR UL FS R dl,2,14,40,6,3,13,3
D L FS DR R UL dl,2,14,40,6,3,13,3
D L FS DR UL R dl,2,14,40,6,3,13,3
DR D FS L R UL dl,2,14,40,6,3,14,4
DR D FS L UL R dl,2,14,40,6,3,10,3
DR D FS R L UL dl,2,14,40,6,3,12,4
DR D L FS R UL dl,2,14,40,6,3,12,3
DR D L FS UL R dl,2,14,40,6,3,12,3
DR D L UL FS R dl,2,14,40,6,3,10,3
DR FS D L R UL dl,2,14,40,6,3,16,4
DR FS D L UL R dl,2,14,40,6,3,12,3
DR FS D R L UL dl,2,14,40,6,3,14,4
DR FS L D R UL dl,2,14,40,6,3,14,3
DR FS L D UL R dl,2,14,40,6,3,14,3
DR FS L R D UL dl,2,14,40,6,3,16,4
DR FS L R UL D dl,2,14,40,6,3,18,4
DR FS L UL R D dl,2,14,40,6,3,14,3
DR FS R D L UL dl,2,14,40,6,3,12,3
DR FS R L D UL dl,2,14,40,6,3,16,4
DR FS R L UL D dl,2,14,40,6,3,16,4
DR L D FS R UL dl,2,14,40,6,3,14,3
DR L D FS UL R dl,2,14,40,6,3,14,3
DR L D UL FS R dl,2,14,40,6,3,14,3
DR L FS D R UL dl,2,14,40,6,3,14,3
DR L FS D UL R dl,2,14,40,6,3,14,3
DR L FS R D UL dl,2,14,40,6,3,14,3
DR L FS R UL D dl,2,14,40,6,3,16,3
DR L FS UL R D dl,2,14,40,6,3,16,3
DR L R FS D UL dl,2,14,40,6,3,16,4
DR L R FS UL D dl,2,14,40,6,3,18,4
DR R FS D L UL dl,2,14,40,6,3,10,2
DR R FS L D UL dl,2,14,40,6,3,12,3
DR R FS L UL D dl,2,14,40,6,3,12,3
DR R L FS D UL dl,2,14,40,6,3,14,4
DR R L FS UL D dl,2,14,40,6,3,16,4
FS D DR L R UL dl,2,14,40,6,3,15,4
FS D DR L UL R dl,2,14,40,6,3,11,3
FS D DR R L UL dl,2,14,40,6,3,11,4
FS D L DR R UL dl,2,14,40,6,3,13,3
FS D L DR UL R dl,2,14,40,6,3,13,3
FS DR D L R UL dl,2,14,40,6,3,15,4
FS DR D L UL R dl,2,14,40,6,3,11,3
FS DR D R L UL dl,2,14,40,6,3,13,4
FS DR L D R UL dl,2,14,40,6,3,15,3
FS DR L D UL R dl,2,14,40,6,3,15,3
FS DR L R D UL dl,2,14,40,6,3,17,4
FS DR L R UL D dl,2,14,40,6,3,19,4
FS DR L UL R D dl,2,14,40,6,3,15,3
FS DR R D L UL dl,2,14,40,6,3,11,3
FS DR R L D UL dl,2,14,40,6,3,15,4
FS DR R L UL D dl,2,14,40,6,3,15,4
FS L D DR R UL dl,2,14,40,6,3,11,3
FS L D DR UL R dl,2,14,40,6,3,11,3
FS L DR D R UL dl,2,14,40,6,3,13,3
FS L DR D UL R dl,2,14,40,6,3,13,3
FS L DR R D UL dl,2,14,40,6,3,13,3
FS L DR R UL D dl,2,14,40,6,3,15,3
FS L DR UL R D dl,2,14,40,6,3,15,3
FS L R DR D UL dl,2,14,40,6,3,13,4
FS L R DR UL D dl,2,14,40,6,3,15,4
FS L R UL DR D dl,2,14,40,6,3,15,4
FS L UL DR R D dl,2,14,40,6,3,11,3
FS L UL R DR D dl,2,14,40,6,3,11,3
FS R DR D L UL dl,2,14,40,6,3,9,2
FS R DR L D UL dl,2,14,40,6,3,13,3
FS R DR L UL D dl,2,14,40,6,3,13,3
FS R L DR D UL dl,2,14,40,6,3,15,4
FS R L DR UL D dl,2,14,40,6,3,17,4
FS R L UL DR D dl,2,14,40,6,3,13,4
L D DR FS R UL dl,2,14,40,6,3,13,3
L D DR FS UL R dl,2,14,40,6,3,13,3
L D DR UL FS R dl,2,14,40,6,3,11,3
L D FS DR R UL dl,2,14,40,6,3,13,3
L D FS DR UL R dl,2,14,40,6,3,13,3
L DR D FS R UL dl,2,14,40,6,3,13,3
L DR D FS UL R dl,2,14,40,6,3,13,3
L DR D UL FS R dl,2,14,40,6,3,13,3
L DR FS D R UL dl,2,14,40,6,3,15,3
L DR FS D UL R dl,2,14,40,6,3,15,3
L DR FS R D UL dl,2,14,40,6,3,15,3
L DR FS R UL D dl,2,14,40,6,3,17,3
L DR FS UL R D dl,2,14,40,6,3,17,3
L DR R FS D UL dl,2,14,40,6,3,13,3
L DR R FS UL D dl,2,14,40,6,3,15,3
L FS D DR R UL dl,2,14,40,6,3,11,3
L FS D DR UL R dl,2,14,40,6,3,11,3
L FS DR D R UL dl,2,14,40,6,3,13,3
L FS DR D UL R dl,2,14,40,6,3,13,3
L FS DR R D UL dl,2,14,40,6,3,13,3
L FS DR R UL D dl,2,14,40,6,3,15,3
L FS DR UL R D dl,2,14,40,6,3,15,3
L FS R DR D UL dl,2,14,40,6,3,11,3
L FS R DR UL D dl,2,14,40,6,3,13,3
L FS R UL DR D dl,2,14,40,6,3,13,3
L FS UL DR R D dl,2,14,40,6,3,13,3
L FS UL R DR D dl,2,14,40,6,3,13,3
L R DR FS D UL dl,2,14,40,6,3,15,4
L R DR FS UL D dl,2,14,40,6,3,17,4
L R FS DR D UL dl,2,14,40,6,3,15,4
L R FS DR UL D dl,2,14,40,6,3,17,4
L R FS UL DR D dl,2,14,40,6,3,15,4
R DR FS D L UL dl,2,14,40,6,3,11,3
R DR FS L D UL dl,2,14,40,6,3,13,3
R DR FS L UL D dl,2,14,40,6,3,13,3
R DR L FS D UL dl,2,14,40,6,3,13,3
R DR L FS UL D dl,2,14,40,6,3,15,3
R FS DR D L UL dl,2,14,40,6,3,11,3
R FS DR L D UL dl,2,14,40,6,3,15,3
R FS DR L UL D dl,2,14,40,6,3,15,3
R FS L DR D UL dl,2,14,40,6,3,13,3
R FS L DR UL D dl,2,14,40,6,3,15,3
R FS L UL DR D dl,2,14,40,6,3,11,3
R L DR FS D UL dl,2,14,40,6,3,17,4
R L DR FS UL D dl,2,14,40,6,3,19,4
R L FS DR D UL dl,2,14,40,6,3,15,4
R L FS DR UL D dl,2,14,40,6,3,17,4
R L FS UL DR D dl,2,14,40,6,3,15,4
D dl DR L R UL FS,2,14,40,7,3,18,4
D dl DR R L UL FS,2,14,40,7,3,14,4
D dl L DR R UL FS,2,14,40,7,3,16,3
D dl L R DR UL FS,2,14,40,7,3,16,4
D dl R DR L UL FS,2,14,40,7,3,12,3
D dl R L DR UL FS,2,14,40,7,3,16,4
D DR dl L R UL FS,2,14,40,7,3,16,4
D DR dl R L UL FS,2,14,40,7,3,12,4
D DR L dl R UL FS,2,14,40,7,3,14,3
D DR L R dl UL FS,2,14,40,7,3,14,4
D DR L R UL dl FS,2,14,40,7,3,16,4
D DR L UL R dl FS,2,14,40,7,3,12,3
D DR R dl L UL FS,2,14,40,7,3,10,3
D DR R L dl UL FS,2,14,40,7,3,14,4
D DR R L UL dl FS,2,14,40,7,3,12,4
D L dl DR R UL FS,2,14,40,7,3,14,3
D L dl R DR UL FS,2,14,40,7,3,12,3
D L DR dl R UL FS,2,14,40,7,3,14,3
D L DR R dl UL FS,2,14,40,7,3,12,3
D L DR R UL dl FS,2,14,40,7,3,14,3
D L DR UL R dl FS,2,14,40,7,3,14,3
D L R dl DR UL FS,2,14,40,7,3,14,4
D L R DR dl UL FS,2,14,40,7,3,14,4
D L R DR UL dl FS,2,14,40,7,3,14,4
D R dl DR L UL FS,2,14,40,7,3,12,3
D R dl L DR UL FS,2,14,40,7,3,14,3
D R DR dl L UL FS,2,14,40,7,3,12,3
D R DR L dl UL FS,2,14,40,7,3,14,3
D R DR L UL dl FS,2,14,40,7,3,12,3
D R L dl DR UL FS,2,14,40,7,3,16,4
D R L DR dl UL FS,2,14,40,7,3,16,4
D R L DR UL dl FS,2,14,40,7,3,16,4
dl D DR L R UL FS,2,14,40,7,3,17,4
dl D DR R L UL FS,2,14,40,7,3,13,4
dl D L DR R UL FS,2,14,40,7,3,15,3
dl D L R DR UL FS,2,14,40,7,3,15,4
dl D R DR L UL FS,2,14,40,7,3,13,3
dl D R L DR UL FS,2,14,40,7,3,17,4
dl DR D L R UL FS,2,14,40,7,3,15,4
dl DR D R L UL FS,2,14,40,7,3,13,4
dl DR L D R UL FS,2,14,40,7,3,15,3
dl DR L R D UL FS,2,14,40,7,3,17,4
dl DR R D L UL FS,2,14,40,7,3,11,3
dl DR R L D UL FS,2,14,40,7,3,15,4
dl L D DR R UL FS,2,14,40,7,3,13,3
dl L D R DR UL FS,2,14,40,7,3,13,3
dl L DR D R UL FS,2,14,40,7,3,15,3
dl L DR R D UL FS,2,14,40,7,3,15,3
dl L R D DR UL FS,2,14,40,7,3,15,4
dl L R DR D UL FS,2,14,40,7,3,15,4
dl R D DR L UL FS,2,14,40,7,3,11,3
dl R D L DR UL FS,2,14,40,7,3,13,3
dl R DR D L UL FS,2,14,40,7,3,9,3
dl R DR L D UL FS,2,14,40,7,3,13,3
dl R L D DR UL FS,2,14,40,7,3,13,4
dl R L DR D UL FS,2,14,40,7,3,15,4
DR D dl L R UL FS,2,14,40,7,3,17,4
DR D dl R L UL FS,2,14,40,7,3,13,4
DR D L dl R UL FS,2,14,40,7,3,13,3
DR D L R dl UL FS,2,14,40,7,3,13,4
DR D L R UL dl FS,2,14,40,7,3,15,4
DR D L UL R dl FS,2,14,40,7,3,11,3
DR D R dl L UL FS,2,14,40,7,3,11,3
DR D R L dl UL FS,2,14,40,7,3,15,4
DR D R L UL dl FS,2,14,40,7,3,13,4
DR dl D L R UL FS,2,14,40,7,3,17,4
DR dl D R L UL FS,2,14,40,7,3,15,4
DR dl L D R UL FS,2,14,40,7,3,15,3
DR dl L R D UL FS,2,14,40,7,3,17,4
DR dl R D L UL FS,2,14,40,7,3,11,3
DR dl R L D UL FS,2,14,40,7,3,15,4
DR L D dl R UL FS,2,14,40,7,3,15,3
DR L D R dl UL FS,2,14,40,7,3,13,3
DR L D R UL dl FS,2,14,40,7,3,15,3
DR L D UL R dl FS,2,14,40,7,3,15,3
DR L dl D R UL FS,2,14,40,7,3,17,3
DR L dl R D UL FS,2,14,40,7,3,15,3
DR L R D dl UL FS,2,14,40,7,3,17,4
DR L R D UL dl FS,2,14,40,7,3,17,4
DR L R dl D UL FS,2,14,40,7,3,17,4
DR R D dl L UL FS,2,14,40,7,3,13,3
DR R D L dl UL FS,2,14,40,7,3,13,3
DR R D L UL dl FS,2,14,40,7,3,11,3
DR R dl D L UL FS,2,14,40,7,3,11,3
DR R dl L D UL FS,2,14,40,7,3,13,3
DR R L D dl UL FS,2,14,40,7,3,15,4
DR R L D UL dl FS,2,14,40,7,3,15,4
DR R L dl D UL FS,2,14,40,7,3,17,4
L D dl DR R UL FS,2,14,40,7,3,14,3
L D dl R DR UL FS,2,14,40,7,3,12,3
L D DR dl R UL FS,2,14,40,7,3,12,3
L D DR R dl UL FS,2,14,40,7,3,10,3
L D DR R UL dl FS,2,14,40,7,3,12,3
L D DR UL R dl FS,2,14,40,7,3,12,3
L D R dl DR UL FS,2,14,40,7,3,12,3
L D R DR dl UL FS,2,14,40,7,3,12,3
L D R DR UL dl FS,2,14,40,7,3,12,3
L dl D DR R UL FS,2,14,40,7,3,14,3
L dl D R DR UL FS,2,14,40,7,3,14,3
L dl DR D R UL FS,2,14,40,7,3,14,3
L dl DR R D UL FS,2,14,40,7,3,14,3
L dl R D DR UL FS,2,14,40,7,3,12,3
L dl R DR D UL FS,2,14,40,7,3,12,3
L DR D dl R UL FS,2,14,40,7,3,14,3
L DR D R dl UL FS,2,14,40,7,3,12,3
L DR D R UL dl FS,2,14,40,7,3,14,3
L DR D UL R dl FS,2,14,40,7,3,14,3
L DR dl D R UL FS,2,14,40,7,3,16,3
L DR dl R D UL FS,2,14,40,7,3,14,3
L DR R D dl UL FS,2,14,40,7,3,14,3
L DR R D UL dl FS,2,14,40,7,3,14,3
L DR R dl D UL FS,2,14,40,7,3,14,3
L R D dl DR UL FS,2,14,40,7,3,16,4
L R D DR dl UL FS,2,14,40,7,3,14,4
L R D DR UL dl FS,2,14,40,7,3,14,4
L R dl D DR UL FS,2,14,40,7,3,14,4
L R dl DR D UL FS,2,14,40,7,3,14,4
L R DR D dl UL FS,2,14,40,7,3,14,4
L R DR D UL dl FS,2,14,40,7,3,14,4
L R DR dl D UL FS,2,14,40,7,3,16,4
R D dl DR L UL FS,2,14,40,7,3,14,3
R D dl L DR UL FS,2,14,40,7,3,16,3
R D DR dl L UL FS,2,14,40,7,3,12,3
R D DR L dl UL FS,2,14,40,7,3,14,3
R D DR L UL dl FS,2,14,40,7,3,12,3
R D L dl DR UL FS,2,14,40,7,3,14,3
R D L DR dl UL FS,2,14,40,7,3,14,3
R D L DR UL dl FS,2,14,40,7,3,14,3
R dl D DR L UL FS,2,14,40,7,3,12,3
R dl D L DR UL FS,2,14,40,7,3,14,3
R dl DR D L UL FS,2,14,40,7,3,10,3
R dl DR L D UL FS,2,14,40,7,3,14,3
R dl L D DR UL FS,2,14,40,7,3,12,3
R dl L DR D UL FS,2,14,40,7,3,14,3
R DR D dl L UL FS,2,14,40,7,3,12,3
R DR D L dl UL FS,2,14,40,7,3,12,3
R DR D L UL dl FS,2,14,40,7,3,10,3
R DR dl D L UL FS,2,14,40,7,3,12,3
R DR dl L D UL FS,2,14,40,7,3,14,3
R DR L D dl UL FS,2,14,40,7,3,14,3
R DR L D UL dl FS,2,14,40,7,3,14,3
R DR L dl D UL FS,2,14,40,7,3,16,3
R L D dl DR UL FS,2,14,40,7,3,16,4
R L D DR dl UL FS,2,14,40,7,3,14,4
R L D DR UL dl FS,2,14,40,7,3,14,4
R L dl D DR UL FS,2,14,40,7,3,16,4
R L dl DR D UL FS,2,14,40,7,3,16,4
R L DR D dl UL FS,2,14,40,7,3,16,4
R L DR D UL dl FS,2,14,40,7,3,16,4
R L DR dl D UL FS,2,14,40,7,3,18,4
D DR L R FS UL dl,2,14,42,7,3,15,4
D DR L R UL FS dl,2,14,42,7,3,17,4
D DR L UL R FS dl,2,14,42,7,3,13,3
D DR R FS L UL dl,2,14,42,7,3,9,2
D DR R L FS UL dl,2,14,42,7,3,13,4
D DR R L UL FS dl,2,14,42,7,3,13,4
D L DR R FS UL dl,2,14,42,7,3,13,3
D L DR R UL FS dl,2,14,42,7,3,15,3
D L DR UL R FS dl,2,14,42,7,3,15,3
D L R DR FS UL dl,2,14,42,7,3,15,4
D L R DR UL FS dl,2,14,42,7,3,15,4
D R DR FS L UL dl,2,14,42,7,3,11,3
D R DR L FS UL dl,2,14,42,7,3,13,3
D R DR L UL FS dl,2,14,42,7,3,13,3
D R L DR FS UL dl,2,14,42,7,3,17,4
D R L DR UL FS dl,2,14,42,7,3,17,4
DR D L R FS UL dl,2,14,42,7,3,14,4
DR D L R UL FS dl,2,14,42,7,3,16,4
DR D L UL R FS dl,2,14,42,7,3,12,3
DR D R FS L UL dl,2,14,42,7,3,10,2
DR D R L FS UL dl,2,14,42,7,3,14,4
DR D R L UL FS dl,2,14,42,7,3,14,4
DR L D R FS UL dl,2,14,42,7,3,14,3
DR L D R UL FS dl,2,14,42,7,3,16,3
DR L D UL R FS dl,2,14,42,7,3,16,3
DR L R D FS UL dl,2,14,42,7,3,16,4
DR L R D UL FS dl,2,14,42,7,3,18,4
DR R D FS L UL dl,2,14,42,7,3,10,2
DR R D L FS UL dl,2,14,42,7,3,12,3
DR R D L UL FS dl,2,14,42,7,3,12,3
DR R L D FS UL dl,2,14,42,7,3,14,4
DR R L D UL FS dl,2,14,42,7,3,16,4
L D DR R FS UL dl,2,14,42,7,3,11,3
L D DR R UL FS dl,2,14,42,7,3,13,3
L D DR UL R FS dl,2,14,42,7,3,13,3
L D R DR FS UL dl,2,14,42,7,3,13,3
L D R DR UL FS dl,2,14,42,7,3,13,3
L DR D R FS UL dl,2,14,42,7,3,13,3
L DR D R UL FS dl,2,14,42,7,3,15,3
L DR D UL R FS dl,2,14,42,7,3,15,3
L DR R D FS UL dl,2,14,42,7,3,13,3
L DR R D UL FS dl,2,14,42,7,3,15,3
L R D DR FS UL dl,2,14,42,7,3,15,4
L R D DR UL FS dl,2,14,42,7,3,15,4
L R DR D FS UL dl,2,14,42,7,3,13,4
L R DR D UL FS dl,2,14,42,7,3,15,4
R D DR FS L UL dl,2,14,42,7,3,11,3
R D DR L FS UL dl,2,14,42,7,3,13,3
R D DR L UL FS dl,2,14,42,7,3,13,3
R D L DR FS UL dl,2,14,42,7,3,15,3
R D L DR UL FS dl,2,14,42,7,3,15,3
R DR D FS L UL dl,2,14,42,7,3,9,2
R DR D L FS UL dl,2,14,42,7,3,11,3
R DR D L UL FS dl,2,14,42,7,3,11,3
R DR L D FS UL dl,2,14,42,7,3,13,3
R DR L D UL FS dl,2,14,42,7,3,15,3
R L D DR FS UL dl,2,14,42,7,3,15,4
R L D DR UL FS dl,2,14,42,7,3,15,4
R L DR D FS UL dl,2,14,42,7,3,15,4
R L DR D UL FS dl,2,14,42,7,3,17,4
D FS UL L DR R dl,2,14,43,5,3,11,3
D UL FS L DR R dl,2,14,43,5,3,13,3
FS D UL L DR R dl,2,14,43,5,3,11,3
FS UL D L DR R dl,2,14,43,5,3,13,3
FS UL L D DR R dl,2,14,43,5,3,9,3
UL D FS L DR R dl,2,14,43,5,3,12,3
UL FS D L DR R dl,2,14,43,5,3,12,3
UL FS L D DR R dl,2,14,43,5,3,10,3
D dl L UL DR R FS,2,14,43,6,3,12,3
D dl R UL DR L FS,2,14,43,6,3,14,3
D dl UL L DR R FS,2,14,43,6,3,12,3
D dl UL R DR L FS,2,14,43,6,3,14,3
D L dl UL DR R FS,2,14,43,6,3,12,3
D L UL dl DR R FS,2,14,43,6,3,10,2
D L UL DR dl R FS,2,14,43,6,3,10,2
D R dl UL DR L FS,2,14,43,6,3,12,3
D R UL dl DR L FS,2,14,43,6,3,14,3
D UL dl L DR R FS,2,14,43,6,3,14,3
D UL dl R DR L FS,2,14,43,6,3,12,3
D UL L dl DR R FS,2,14,43,6,3,12,3
D UL L DR dl R FS,2,14,43,6,3,12,3
D UL R dl DR L FS,2,14,43,6,3,14,3
dl D L UL DR R FS,2,14,43,6,3,11,3
dl D R UL DR L FS,2,14,43,6,3,15,3
dl D UL L DR R FS,2,14,43,6,3,13,3
dl D UL R DR L FS,2,14,43,6,3,15,3
dl L D UL DR R FS,2,14,43,6,3,13,3
dl L R UL DR D FS,2,14,43,6,3,15,4
dl L UL D DR R FS,2,14,43,6,3,11,3
dl L UL R DR D FS,2,14,43,6,3,11,3
dl R D UL DR L FS,2,14,43,6,3,13,3
dl R L UL DR D FS,2,14,43,6,3,11,4
dl R UL D DR L FS,2,14,43,6,3,13,3
dl R UL DR D L FS,2,14,43,6,3,11,3
dl R UL DR L D FS,2,14,43,6,3,13,3
dl R UL L DR D FS,2,14,43,6,3,11,3
dl UL D L DR R FS,2,14,43,6,3,13,3
dl UL D R DR L FS,2,14,43,6,3,13,3
dl UL L D DR R FS,2,14,43,6,3,9,2
dl UL L R DR D FS,2,14,43,6,3,11,4
dl UL R D DR L FS,2,14,43,6,3,13,3
dl UL R DR D L FS,2,14,43,6,3,11,3
dl UL R DR L D FS,2,14,43,6,3,13,3
dl UL R L DR D FS,2,14,43,6,3,15,4
L D dl UL DR R FS,2,14,43,6,3,12,3
L D UL dl DR R FS,2,14,43,6,3,12,3
L D UL DR dl R FS,2,14,43,6,3,12,3
L dl D UL DR R FS,2,14,43,6,3,14,3
L dl R UL DR D FS,2,14,43,6,3,12,3
L dl UL D DR R FS,2,14,43,6,3,12,3
L dl UL R DR D FS,2,14,43,6,3,12,3
L R dl UL DR D FS,2,14,43,6,3,12,4
L R UL dl DR D FS,2,14,43,6,3,14,4
L UL D dl DR R FS,2,14,43,6,3,12,3
L UL D DR dl R FS,2,14,43,6,3,10,3
L UL dl D DR R FS,2,14,43,6,3,10,3
L UL dl R DR D FS,2,14,43,6,3,8,2
L UL R dl DR D FS,2,14,43,6,3,10,3
R D dl UL DR L FS,2,14,43,6,3,14,3
R D UL dl DR L FS,2,14,43,6,3,14,3
R dl D UL DR L FS,2,14,43,6,3,14,3
R dl L UL DR D FS,2,14,43,6,3,10,3
R dl UL D DR L FS,2,14,43,6,3,12,3
R dl UL DR D L FS,2,14,43,6,3,10,2
R dl UL DR L D FS,2,14,43,6,3,12,3
R dl UL L DR D FS,2,14,43,6,3,10,3
R L dl UL DR D FS,2,14,43,6,3,14,4
R L UL dl DR D FS,2,14,43,6,3,12,4
R UL D dl DR L FS,2,14,43,6,3,16,3
R UL dl D DR L FS,2,14,43,6,3,14,3
R UL dl DR D L FS,2,14,43,6,3,12,3
R UL dl DR L D FS,2,14,43,6,3,14,3
R UL dl L DR D FS,2,14,43,6,3,14,3
R UL L dl DR D FS,2,14,43,6,3,12,3
UL D dl L DR R FS,2,14,43,6,3,15,3
UL D dl R DR L FS,2,14,43,6,3,13,3
UL D L dl DR R FS,2,14,43,6,3,13,3
UL D L DR dl R FS,2,14,43,6,3,13,3
UL D R dl DR L FS,2,14,43,6,3,13,3
UL dl D L DR R FS,2,14,43,6,3,13,3
UL dl D R DR L FS,2,14,43,6,3,13,3
UL dl L D DR R FS,2,14,43,6,3,11,3
UL dl L R DR D FS,2,14,43,6,3,13,4
UL dl R D DR L FS,2,14,43,6,3,11,3
UL dl R DR D L FS,2,14,43,6,3,9,2
UL dl R DR L D FS,2,14,43,6,3,11,3
UL dl R L DR D FS,2,14,43,6,3,13,4
UL L D dl DR R FS,2,14,43,6,3,11,3
UL L D DR dl R FS,2,14,43,6,3,9,2
UL L dl D DR R FS,2,14,43,6,3,11,3
UL L dl R DR D FS,2,14,43,6,3,9,3
UL L R dl DR D FS,2,14,43,6,3,11,4
UL R D dl DR L FS,2,14,43,6,3,15,3
UL R dl D DR L FS,2,14,43,6,3,13,3
UL R dl DR D L FS,2,14,43,6,3,11,3
UL R dl DR L D FS,2,14,43,6,3,13,3
UL R dl L DR D FS,2,14,43,6,3,13,3
UL R L dl DR D FS,2,14,43,6,3,15,4
D dl FS L UL DR R,2,14,44,7,3,12,3
D dl FS R DR UL L,2,14,44,7,3,12,3
D dl L FS UL DR R,2,14,44,7,3,14,3
D dl R FS DR UL L,2,14,44,7,3,12,3
D FS dl L UL DR R,2,14,44,7,3,12,3
D FS dl R DR UL L,2,14,44,7,3,10,3
D FS L dl UL DR R,2,14,44,7,3,12,3
D FS L UL dl DR R,2,14,44,7,3,10,2
D FS L UL DR dl R,2,14,44,7,3,10,2
D FS R dl DR UL L,2,14,44,7,3,10,2
D FS R DR dl UL L,2,14,44,7,3,10,2
D L dl FS UL DR R,2,14,44,7,3,14,3
D L FS dl UL DR R,2,14,44,7,3,12,3
D L FS UL dl DR R,2,14,44,7,3,12,3
D L FS UL DR dl R,2,14,44,7,3,12,3
D R dl FS DR UL L,2,14,44,7,3,12,3
D R FS dl DR UL L,2,14,44,7,3,12,3
D R FS DR dl UL L,2,14,44,7,3,12,3
dl D FS L UL DR R,2,14,44,7,3,11,3
dl D FS R DR UL L,2,14,44,7,3,11,3
dl D L FS UL DR R,2,14,44,7,3,13,3
dl D R FS DR UL L,2,14,44,7,3,13,3
dl FS D L UL DR R,2,14,44,7,3,11,3
dl FS D R DR UL L,2,14,44,7,3,11,3
dl FS L D UL DR R,2,14,44,7,3,13,3
dl FS L R UL DR D,2,14,44,7,3,15,4
dl FS L UL D DR R,2,14,44,7,3,11,3
dl FS L UL R DR D,2,14,44,7,3,11,3
dl FS R D DR UL L,2,14,44,7,3,11,3
dl FS R L UL DR D,2,14,44,7,3,13,4
dl L D FS UL DR R,2,14,44,7,3,13,3
dl L FS D UL DR R,2,14,44,7,3,13,3
dl L FS R UL DR D,2,14,44,7,3,13,3
dl L FS UL D DR R,2,14,44,7,3,13,3
dl L FS UL R DR D,2,14,44,7,3,13,3
dl L R FS UL DR D,2,14,44,7,3,15,4
dl R D FS DR UL L,2,14,44,7,3,11,3
dl R FS D DR UL L,2,14,44,7,3,9,2
dl R FS L UL DR D,2,14,44,7,3,9,2
dl R L FS UL DR D,2,14,44,7,3,13,4
FS D dl L UL DR R,2,14,44,7,3,12,3
FS D dl R DR UL L,2,14,44,7,3,10,3
FS D L dl UL DR R,2,14,44,7,3,12,3
FS D L UL dl DR R,2,14,44,7,3,10,2
FS D L UL DR dl R,2,14,44,7,3,10,2
FS D R dl DR UL L,2,14,44,7,3,10,2
FS D R DR dl UL L,2,14,44,7,3,10,2
FS dl D L UL DR R,2,14,44,7,3,12,3
FS dl D R DR UL L,2,14,44,7,3,12,3
FS dl L D UL DR R,2,14,44,7,3,14,3
FS dl L R UL DR D,2,14,44,7,3,16,4
FS dl L UL D DR R,2,14,44,7,3,12,3
FS dl L UL R DR D,2,14,44,7,3,12,3
FS dl R D DR UL L,2,14,44,7,3,10,3
FS dl R L UL DR D,2,14,44,7,3,12,4
FS L D dl UL DR R,2,14,44,7,3,12,3
FS L D UL dl DR R,2,14,44,7,3,12,3
FS L D UL DR dl R,2,14,44,7,3,12,3
FS L dl D UL DR R,2,14,44,7,3,14,3
FS L dl R UL DR D,2,14,44,7,3,12,3
FS L dl UL D DR R,2,14,44,7,3,12,3
FS L dl UL R DR D,2,14,44,7,3,12,3
FS L R dl UL DR D,2,14,44,7,3,12,4
FS L R UL dl DR D,2,14,44,7,3,14,4
FS L UL D dl DR R,2,14,44,7,3,12,3
FS L UL D DR dl R,2,14,44,7,3,10,3
FS L UL dl D DR R,2,14,44,7,3,10,3
FS L UL dl R DR D,2,14,44,7,3,8,2
FS L UL R dl DR D,2,14,44,7,3,10,3
FS R D dl DR UL L,2,14,44,7,3,12,3
FS R D DR dl UL L,2,14,44,7,3,10,2
FS R dl D DR UL L,2,14,44,7,3,10,3
FS R dl L UL DR D,2,14,44,7,3,10,3
FS R L dl UL DR D,2,14,44,7,3,14,4
FS R L UL dl DR D,2,14,44,7,3,12,4
L D dl FS UL DR R,2,14,44,7,3,14,3
L D FS dl UL DR R,2,14,44,7,3,12,3
L D FS UL dl DR R,2,14,44,7,3,12,3
L D FS UL DR dl R,2,14,44,7,3,12,3
L dl D FS UL DR R,2,14,44,7,3,14,3
L dl FS D UL DR R,2,14,44,7,3,14,3
L dl FS R UL DR D,2,14,44,7,3,14,3
L dl FS UL D DR R,2,14,44,7,3,14,3
L dl FS UL R DR D,2,14,44,7,3,14,3
L dl R FS UL DR D,2,14,44,7,3,12,3
L FS D dl UL DR R,2,14,44,7,3,12,3
L FS D UL dl DR R,2,14,44,7,3,12,3
L FS D UL DR dl R,2,14,44,7,3,12,3
L FS dl D UL DR R,2,14,44,7,3,14,3
L FS dl R UL DR D,2,14,44,7,3,12,3
L FS dl UL D DR R,2,14,44,7,3,12,3
L FS dl UL R DR D,2,14,44,7,3,12,3
L FS R dl UL DR D,2,14,44,7,3,10,2
L FS R UL dl DR D,2,14,44,7,3,12,3
L FS UL D dl DR R,2,14,44,7,3,14,3
L FS UL D DR dl R,2,14,44,7,3,12,3
L FS UL dl D DR R,2,14,44,7,3,12,3
L FS UL dl R DR D,2,14,44,7,3,10,3
L FS UL R dl DR D,2,14,44,7,3,12,3
L R dl FS UL DR D,2,14,44,7,3,14,4
L R FS dl UL DR D,2,14,44,7,3,14,4
L R FS UL dl DR D,2,14,44,7,3,14,4
R D dl FS DR UL L,2,14,44,7,3,14,3
R D FS dl DR UL L,2,14,44,7,3,12,3
R D FS DR dl UL L,2,14,44,7,3,12,3
R dl D FS DR UL L,2,14,44,7,3,12,3
R dl FS D DR UL L,2,14,44,7,3,10,3
R dl FS L UL DR D,2,14,44,7,3,10,3
R dl L FS UL DR D,2,14,44,7,3,12,3
R FS D dl DR UL L,2,14,44,7,3,12,3
R FS D DR dl UL L,2,14,44,7,3,10,2
R FS dl D DR UL L,2,14,44,7,3,12,3
R FS dl L UL DR D,2,14,44,7,3,12,3
R FS L dl UL DR D,2,14,44,7,3,12,3
R FS L UL dl DR D,2,14,44,7,3,10,2
R L dl FS UL DR D,2,14,44,7,3,16,4
R L FS dl UL DR D,2,14,44,7,3,14,4
R L FS UL dl DR D,2,14,44,7,3,14,4
D FS R DR UL L dl,2,14,45,6,3,11,3
D FS R UL DR L dl,2,14,45,6,3,15,3
D FS R UL L DR dl,2,14,45,6,3,13,3
D FS UL L R DR dl,2,14,45,6,3,13,4
D FS UL R DR L dl,2,14,45,6,3,15,3
D FS UL R L DR dl,2,14,45,6,3,17,4
D L UL DR FS R dl,2,14,45,6,3,11,3
D L UL FS DR R dl,2,14,45,6,3,11,3
D R FS DR UL L dl,2,14,45,6,3,13,3
D R FS UL DR L dl,2,14,45,6,3,15,3
D R FS UL L DR dl,2,14,45,6,3,13,3
D R UL FS DR L dl,2,14,45,6,3,17,3
D R UL FS L DR dl,2,14,45,6,3,15,3
D UL FS L R DR dl,2,14,45,6,3,15,4
D UL FS R DR L dl,2,14,45,6,3,15,3
D UL FS R L DR dl,2,14,45,6,3,17,4
D UL L DR FS R dl,2,14,45,6,3,13,3
D UL L FS DR R dl,2,14,45,6,3,11,3
D UL R FS DR L dl,2,14,45,6,3,17,3
D UL R FS L DR dl,2,14,45,6,3,15,3
FS D R DR UL L dl,2,14,45,6,3,11,3
FS D R UL DR L dl,2,14,45,6,3,15,3
FS D R UL L DR dl,2,14,45,6,3,13,3
FS D UL L R DR dl,2,14,45,6,3,13,4
FS D UL R DR L dl,2,14,45,6,3,15,3
FS D UL R L DR dl,2,14,45,6,3,17,4
FS R D DR UL L dl,2,14,45,6,3,11,3
FS R D UL DR L dl,2,14,45,6,3,15,3
FS R D UL L DR dl,2,14,45,6,3,13,3
FS R UL D DR L dl,2,14,45,6,3,15,3
FS R UL D L DR dl,2,14,45,6,3,15,3
FS R UL L D DR dl,2,14,45,6,3,11,3
FS UL D L R DR dl,2,14,45,6,3,15,4
FS UL D R DR L dl,2,14,45,6,3,15,3
FS UL D R L DR dl,2,14,45,6,3,17,4
FS UL L D R DR dl,2,14,45,6,3,11,3
FS UL L R D DR dl,2,14,45,6,3,13,4
FS UL R D DR L dl,2,14,45,6,3,15,3
FS UL R D L DR dl,2,14,45,6,3,15,3
FS UL R L D DR dl,2,14,45,6,3,15,4
L D UL DR FS R dl,2,14,45,6,3,13,3
L D UL FS DR R dl,2,14,45,6,3,13,3
L UL D DR FS R dl,2,14,45,6,3,11,3
L UL D FS DR R dl,2,14,45,6,3,11,3
L UL FS D DR R dl,2,14,45,6,3,9,3
R D FS DR UL L dl,2,14,45,6,3,13,3
R D FS UL DR L dl,2,14,45,6,3,15,3
R D FS UL L DR dl,2,14,45,6,3,13,3
R D UL FS DR L dl,2,14,45,6,3,17,3
R D UL FS L DR dl,2,14,45,6,3,15,3
R FS D DR UL L dl,2,14,45,6,3,11,3
R FS D UL DR L dl,2,14,45,6,3,15,3
R FS D UL L DR dl,2,14,45,6,3,13,3
R FS UL D DR L dl,2,14,45,6,3,15,3
R FS UL D L DR dl,2,14,45,6,3,15,3
R FS UL L D DR dl,2,14,45,6,3,11,3
R UL D FS DR L dl,2,14,45,6,3,17,3
R UL D FS L DR dl,2,14,45,6,3,15,3
R UL FS D DR L dl,2,14,45,6,3,15,3
R UL FS D L DR dl,2,14,45,6,3,15,3
R UL FS L D DR dl,2,14,45,6,3,13,3
UL D FS L R DR dl,2,14,45,6,3,14,4
UL D FS R DR L dl,2,14,45,6,3,14,3
UL D FS R L DR dl,2,14,45,6,3,16,4
UL D L DR FS R dl,2,14,45,6,3,14,3
UL D L FS DR R dl,2,14,45,6,3,12,3
UL D R FS DR L dl,2,14,45,6,3,16,3
UL D R FS L DR dl,2,14,45,6,3,14,3
UL FS D L R DR dl,2,14,45,6,3,14,4
UL FS D R DR L dl,2,14,45,6,3,14,3
UL FS D R L DR dl,2,14,45,6,3,16,4
UL FS L D R DR dl,2,14,45,6,3,12,3
UL FS L R D DR dl,2,14,45,6,3,14,4
UL FS R D DR L dl,2,14,45,6,3,14,3
UL FS R D L DR dl,2,14,45,6,3,14,3
UL FS R L D DR dl,2,14,45,6,3,14,4
UL L D DR FS R dl,2,14,45,6,3,10,3
UL L D FS DR R dl,2,14,45,6,3,10,3
UL L FS D DR R dl,2,14,45,6,3,8,2
UL R D FS DR L dl,2,14,45,6,3,16,3
UL R D FS L DR dl,2,14,45,6,3,14,3
UL R FS D DR L dl,2,14,45,6,3,14,3
UL R FS D L DR dl,2,14,45,6,3,14,3
UL R FS L D DR dl,2,14,45,6,3,12,3
D dl L R UL DR FS,2,14,45,7,3,18,4
D dl L UL R DR FS,2,14,45,7,3,14,3
D dl R L UL DR FS,2,14,45,7,3,14,4
D dl R UL L DR FS,2,14,45,7,3,14,3
D dl UL L R DR FS,2,14,45,7,3,14,4
D dl UL R L DR FS,2,14,45,7,3,18,4
D L dl R UL DR FS,2,14,45,7,3,14,3
D L dl UL R DR FS,2,14,45,7,3,14,3
D L R dl UL DR FS,2,14,45,7,3,14,4
D L R UL dl DR FS,2,14,45,7,3,16,4
D L R UL DR dl FS,2,14,45,7,3,16,4
D L UL dl R DR FS,2,14,45,7,3,10,3
D L UL DR R dl FS,2,14,45,7,3,10,3
D L UL R dl DR FS,2,14,45,7,3,12,3
D L UL R DR dl FS,2,14,45,7,3,12,3
D R dl L UL DR FS,2,14,45,7,3,12,3
D R dl UL L DR FS,2,14,45,7,3,12,3
D R L dl UL DR FS,2,14,45,7,3,16,4
D R L UL dl DR FS,2,14,45,7,3,14,4
D R L UL DR dl FS,2,14,45,7,3,14,4
D R UL dl L DR FS,2,14,45,7,3,16,3
D R UL L dl DR FS,2,14,45,7,3,14,3
D R UL L DR dl FS,2,14,45,7,3,14,3
D UL dl L R DR FS,2,14,45,7,3,16,4
D UL dl R L DR FS,2,14,45,7,3,16,4
D UL L dl R DR FS,2,14,45,7,3,12,3
D UL L DR R dl FS,2,14,45,7,3,12,3
D UL L R dl DR FS,2,14,45,7,3,14,4
D UL L R DR dl FS,2,14,45,7,3,14,4
D UL R dl L DR FS,2,14,45,7,3,16,3
D UL R L dl DR FS,2,14,45,7,3,18,4
D UL R L DR dl FS,2,14,45,7,3,18,4
dl D L R UL DR FS,2,14,45,7,3,17,4
dl D L UL R DR FS,2,14,45,7,3,13,3
dl D R L UL DR FS,2,14,45,7,3,15,4
dl D R UL L DR FS,2,14,45,7,3,15,3
dl D UL L R DR FS,2,14,45,7,3,15,4
dl D UL R L DR FS,2,14,45,7,3,19,4
dl L D R UL DR FS,2,14,45,7,3,15,3
dl L D UL R DR FS,2,14,45,7,3,15,3
dl L R D UL DR FS,2,14,45,7,3,17,4
dl L R UL D DR FS,2,14,45,7,3,17,4
dl L UL D R DR FS,2,14,45,7,3,13,3
dl L UL R D DR FS,2,14,45,7,3,13,3
dl R D L UL DR FS,2,14,45,7,3,11,3
dl R D UL L DR FS,2,14,45,7,3,13,3
dl R L D UL DR FS,2,14,45,7,3,15,4
dl R L UL D DR FS,2,14,45,7,3,13,4
dl R UL D L DR FS,2,14,45,7,3,15,3
dl R UL L D DR FS,2,14,45,7,3,11,3
dl UL D L R DR FS,2,14,45,7,3,15,4
dl UL D R L DR FS,2,14,45,7,3,17,4
dl UL L D R DR FS,2,14,45,7,3,11,3
dl UL L R D DR FS,2,14,45,7,3,13,4
dl UL R D L DR FS,2,14,45,7,3,15,3
dl UL R L D DR FS,2,14,45,7,3,15,4
L D dl R UL DR FS,2,14,45,7,3,14,3
L D dl UL R DR FS,2,14,45,7,3,14,3
L D R dl UL DR FS,2,14,45,7,3,12,3
L D R UL dl DR FS,2,14,45,7,3,14,3
L D R UL DR dl FS,2,14,45,7,3,14,3
L D UL dl R DR FS,2,14,45,7,3,12,3
L D UL DR R dl FS,2,14,45,7,3,12,3
L D UL R dl DR FS,2,14,45,7,3,14,3
L D UL R DR dl FS,2,14,45,7,3,14,3
L dl D R UL DR FS,2,14,45,7,3,16,3
L dl D UL R DR FS,2,14,45,7,3,16,3
L dl R D UL DR FS,2,14,45,7,3,14,3
L dl R UL D DR FS,2,14,45,7,3,14,3
L dl UL D R DR FS,2,14,45,7,3,14,3
L dl UL R D DR FS,2,14,45,7,3,14,3
L R D dl UL DR FS,2,14,45,7,3,16,4
L R D UL dl DR FS,2,14,45,7,3,16,4
L R D UL DR dl FS,2,14,45,7,3,16,4
L R dl D UL DR FS,2,14,45,7,3,16,4
L R dl UL D DR FS,2,14,45,7,3,14,4
L R UL D dl DR FS,2,14,45,7,3,18,4
L R UL D DR dl FS,2,14,45,7,3,16,4
L R UL dl D DR FS,2,14,45,7,3,16,4
L UL D dl R DR FS,2,14,45,7,3,12,3
L UL D DR R dl FS,2,14,45,7,3,10,3
L UL D R dl DR FS,2,14,45,7,3,12,3
L UL D R DR dl FS,2,14,45,7,3,12,3
L UL dl D R DR FS,2,14,45,7,3,12,3
L UL dl R D DR FS,2,14,45,7,3,10,3
L UL R D dl DR FS,2,14,45,7,3,14,3
L UL R D DR dl FS,2,14,45,7,3,12,3
L UL R dl D DR FS,2,14,45,7,3,12,3
R D dl L UL DR FS,2,14,45,7,3,14,3
R D dl UL L DR FS,2,14,45,7,3,14,3
R D L dl UL DR FS,2,14,45,7,3,14,3
R D L UL dl DR FS,2,14,45,7,3,12,3
R D L UL DR dl FS,2,14,45,7,3,12,3
R D UL dl L DR FS,2,14,45,7,3,16,3
R D UL L dl DR FS,2,14,45,7,3,14,3
R D UL L DR dl FS,2,14,45,7,3,14,3
R dl D L UL DR FS,2,14,45,7,3,12,3
R dl D UL L DR FS,2,14,45,7,3,14,3
R dl L D UL DR FS,2,14,45,7,3,14,3
R dl L UL D DR FS,2,14,45,7,3,12,3
R dl UL D L DR FS,2,14,45,7,3,14,3
R dl UL L D DR FS,2,14,45,7,3,10,3
R L D dl UL DR FS,2,14,45,7,3,16,4
R L D UL dl DR FS,2,14,45,7,3,16,4
R L D UL DR dl FS,2,14,45,7,3,16,4
R L dl D UL DR FS,2,14,45,7,3,18,4
R L dl UL D DR FS,2,14,45,7,3,16,4
R L UL D dl DR FS,2,14,45,7,3,16,4
R L UL D DR dl FS,2,14,45,7,3,14,4
R L UL dl D DR FS,2,14,45,7,3,14,4
R UL D dl L DR FS,2,14,45,7,3,18,3
R UL D L dl DR FS,2,14,45,7,3,16,3
R UL D L DR dl FS,2,14,45,7,3,16,3
R UL dl D L DR FS,2,14,45,7,3,16,3
R UL dl L D DR FS,2,14,45,7,3,14,3
R UL L D dl DR FS,2,14,45,7,3,14,3
R UL L D DR dl FS,2,14,45,7,3,12,3
R UL L dl D DR FS,2,14,45,7,3,14,3
UL D dl L R DR FS,2,14,45,7,3,17,4
UL D dl R L DR FS,2,14,45,7,3,17,4
UL D L dl R DR FS,2,14,45,7,3,13,3
UL D L DR R dl FS,2,14,45,7,3,13,3
UL D L R dl DR FS,2,14,45,7,3,15,4
UL D L R DR dl FS,2,14,45,7,3,15,4
UL D R dl L DR FS,2,14,45,7,3,15,3
UL D R L dl DR FS,2,14,45,7,3,17,4
UL D R L DR dl FS,2,14,45,7,3,17,4
UL dl D L R DR FS,2,14,45,7,3,15,4
UL dl D R L DR FS,2,14,45,7,3,17,4
UL dl L D R DR FS,2,14,45,7,3,13,3
UL dl L R D DR FS,2,14,45,7,3,15,4
UL dl R D L DR FS,2,14,45,7,3,13,3
UL dl R L D DR FS,2,14,45,7,3,13,4
UL L D dl R DR FS,2,14,45,7,3,11,3
UL L D DR R dl FS,2,14,45,7,3,9,3
UL L D R dl DR FS,2,14,45,7,3,11,3
UL L D R DR dl FS,2,14,45,7,3,11,3
UL L dl D R DR FS,2,14,45,7,3,13,3
UL L dl R D DR FS,2,14,45,7,3,11,3
UL L R D dl DR FS,2,14,45,7,3,15,4
UL L R D DR dl FS,2,14,45,7,3,13,4
UL L R dl D DR FS,2,14,45,7,3,13,4
UL R D dl L DR FS,2,14,45,7,3,17,3
UL R D L dl DR FS,2,14,45,7,3,15,3
UL R D L DR dl FS,2,14,45,7,3,15,3
UL R dl D L DR FS,2,14,45,7,3,15,3
UL R dl L D DR FS,2,14,45,7,3,13,3
UL R L D dl DR FS,2,14,45,7,3,17,4
UL R L D DR dl FS,2,14,45,7,3,15,4
UL R L dl D DR FS,2,14,45,7,3,17,4
D dl FS L R DR UL,2,14,46,8,3,15,4
D dl FS L R UL DR,2,14,46,8,3,17,4
D dl FS L UL R DR,2,14,46,8,3,13,3
D dl FS R DR L UL,2,14,46,8,3,13,3
D dl FS R L DR UL,2,14,46,8,3,17,4
D dl FS R L UL DR,2,14,46,8,3,15,4
D dl L FS R DR UL,2,14,46,8,3,13,3
D dl L FS R UL DR,2,14,46,8,3,15,3
D dl L FS UL R DR,2,14,46,8,3,15,3
D dl L R FS DR UL,2,14,46,8,3,17,4
D dl L R FS UL DR,2,14,46,8,3,17,4
D dl R FS DR L UL,2,14,46,8,3,13,3
D dl R FS L DR UL,2,14,46,8,3,13,3
D dl R FS L UL DR,2,14,46,8,3,11,3
D dl R L FS DR UL,2,14,46,8,3,15,4
D dl R L FS UL DR,2,14,46,8,3,15,4
D FS dl L R DR UL,2,14,46,8,3,15,4
D FS dl L R UL DR,2,14,46,8,3,17,4
D FS dl L UL R DR,2,14,46,8,3,13,3
D FS dl R DR L UL,2,14,46,8,3,11,3
D FS dl R L DR UL,2,14,46,8,3,15,4
D FS dl R L UL DR,2,14,46,8,3,13,4
D FS L dl R DR UL,2,14,46,8,3,11,3
D FS L dl R UL DR,2,14,46,8,3,13,3
D FS L dl UL R DR,2,14,46,8,3,13,3
D FS L R dl DR UL,2,14,46,8,3,13,4
D FS L R dl UL DR,2,14,46,8,3,13,4
D FS L R DR dl UL,2,14,46,8,3,13,4
D FS L R UL dl DR,2,14,46,8,3,15,4
D FS L UL dl R DR,2,14,46,8,3,9,2
D FS L UL R dl DR,2,14,46,8,3,11,3
D FS R dl DR L UL,2,14,46,8,3,11,3
D FS R dl L DR UL,2,14,46,8,3,13,3
D FS R dl L UL DR,2,14,46,8,3,11,3
D FS R DR dl L UL,2,14,46,8,3,11,3
D FS R DR L dl UL,2,14,46,8,3,13,3
D FS R L dl DR UL,2,14,46,8,3,15,4
D FS R L dl UL DR,2,14,46,8,3,15,4
D FS R L DR dl UL,2,14,46,8,3,15,4
D FS R L UL dl DR,2,14,46,8,3,13,4
D L dl FS R DR UL,2,14,46,8,3,13,3
D L dl FS R UL DR,2,14,46,8,3,15,3
D L dl FS UL R DR,2,14,46,8,3,15,3
D L dl R FS DR UL,2,14,46,8,3,13,3
D L dl R FS UL DR,2,14,46,8,3,13,3
D L FS dl R DR UL,2,14,46,8,3,11,3
D L FS dl R UL DR,2,14,46,8,3,13,3
D L FS dl UL R DR,2,14,46,8,3,13,3
D L FS R dl DR UL,2,14,46,8,3,11,2
D L FS R dl UL DR,2,14,46,8,3,11,2
D L FS R DR dl UL,2,14,46,8,3,11,2
D L FS R UL dl DR,2,14,46,8,3,13,3
D L FS UL dl R DR,2,14,46,8,3,11,3
D L FS UL R dl DR,2,14,46,8,3,13,3
D L R dl FS DR UL,2,14,46,8,3,15,4
D L R dl FS UL DR,2,14,46,8,3,15,4
D L R FS dl DR UL,2,14,46,8,3,15,4
D L R FS dl UL DR,2,14,46,8,3,15,4
D L R FS DR dl UL,2,14,46,8,3,15,4
D L R FS UL dl DR,2,14,46,8,3,15,4
D R dl FS DR L UL,2,14,46,8,3,13,3
D R dl FS L DR UL,2,14,46,8,3,13,3
D R dl FS L UL DR,2,14,46,8,3,11,3
D R dl L FS DR UL,2,14,46,8,3,13,3
D R dl L FS UL DR,2,14,46,8,3,13,3
D R FS dl DR L UL,2,14,46,8,3,13,3
D R FS dl L DR UL,2,14,46,8,3,15,3
D R FS dl L UL DR,2,14,46,8,3,13,3
D R FS DR dl L UL,2,14,46,8,3,13,3
D R FS DR L dl UL,2,14,46,8,3,15,3
D R FS L dl DR UL,2,14,46,8,3,13,3
D R FS L dl UL DR,2,14,46,8,3,13,3
D R FS L DR dl UL,2,14,46,8,3,13,3
D R FS L UL dl DR,2,14,46,8,3,11,2
D R L dl FS DR UL,2,14,46,8,3,17,4
D R L dl FS UL DR,2,14,46,8,3,17,4
D R L FS dl DR UL,2,14,46,8,3,15,4
D R L FS dl UL DR,2,14,46,8,3,15,4
D R L FS DR dl UL,2,14,46,8,3,15,4
D R L FS UL dl DR,2,14,46,8,3,15,4
dl D FS L R DR UL,2,14,46,8,3,14,4
dl D FS L R UL DR,2,14,46,8,3,16,4
dl D FS L UL R DR,2,14,46,8,3,12,3
dl D FS R DR L UL,2,14,46,8,3,12,3
dl D FS R L DR UL,2,14,46,8,3,16,4
dl D FS R L UL DR,2,14,46,8,3,14,4
dl D L FS R DR UL,2,14,46,8,3,12,3
dl D L FS R UL DR,2,14,46,8,3,14,3
dl D L FS UL R DR,2,14,46,8,3,14,3
dl D L R FS DR UL,2,14,46,8,3,16,4
dl D L R FS UL DR,2,14,46,8,3,16,4
dl D R FS DR L UL,2,14,46,8,3,14,3
dl D R FS L DR UL,2,14,46,8,3,14,3
dl D R FS L UL DR,2,14,46,8,3,12,3
dl D R L FS DR UL,2,14,46,8,3,16,4
dl D R L FS UL DR,2,14,46,8,3,16,4
dl FS D L R DR UL,2,14,46,8,3,14,4
dl FS D L R UL DR,2,14,46,8,3,16,4
dl FS D L UL R DR,2,14,46,8,3,12,3
dl FS D R DR L UL,2,14,46,8,3,12,3
dl FS D R L DR UL,2,14,46,8,3,16,4
dl FS D R L UL DR,2,14,46,8,3,14,4
dl FS L D R DR UL,2,14,46,8,3,12,3
dl FS L D R UL DR,2,14,46,8,3,14,3
dl FS L D UL R DR,2,14,46,8,3,14,3
dl FS L R D DR UL,2,14,46,8,3,14,4
dl FS L R D UL DR,2,14,46,8,3,16,4
dl FS L R UL D DR,2,14,46,8,3,16,4
dl FS L UL D R DR,2,14,46,8,3,12,3
dl FS L UL R D DR,2,14,46,8,3,12,3
dl FS R D DR L UL,2,14,46,8,3,12,3
dl FS R D L DR UL,2,14,46,8,3,14,3
dl FS R D L UL DR,2,14,46,8,3,12,3
dl FS R L D DR UL,2,14,46,8,3,14,4
dl FS R L D UL DR,2,14,46,8,3,16,4
dl FS R L UL D DR,2,14,46,8,3,14,4
dl L D FS R DR UL,2,14,46,8,3,12,3
dl L D FS R UL DR,2,14,46,8,3,14,3
dl L D FS UL R DR,2,14,46,8,3,14,3
dl L D R FS DR UL,2,14,46,8,3,14,3
dl L D R FS UL DR,2,14,46,8,3,14,3
dl L FS D R DR UL,2,14,46,8,3,12,3
dl L FS D R UL DR,2,14,46,8,3,14,3
dl L FS D UL R DR,2,14,46,8,3,14,3
dl L FS R D DR UL,2,14,46,8,3,12,3
dl L FS R D UL DR,2,14,46,8,3,14,3
dl L FS R UL D DR,2,14,46,8,3,14,3
dl L FS UL D R DR,2,14,46,8,3,14,3
dl L FS UL R D DR,2,14,46,8,3,14,3
dl L R D FS DR UL,2,14,46,8,3,16,4
dl L R D FS UL DR,2,14,46,8,3,16,4
dl L R FS D DR UL,2,14,46,8,3,14,4
dl L R FS D UL DR,2,14,46,8,3,16,4
dl L R FS UL D DR,2,14,46,8,3,16,4
dl R D FS DR L UL,2,14,46,8,3,12,3
dl R D FS L DR UL,2,14,46,8,3,12,3
dl R D FS L UL DR,2,14,46,8,3,10,2
dl R D L FS DR UL,2,14,46,8,3,12,3
dl R D L FS UL DR,2,14,46,8,3,12,3
dl R FS D DR L UL,2,14,46,8,3,10,3
dl R FS D L DR UL,2,14,46,8,3,12,3
dl R FS D L UL DR,2,14,46,8,3,10,2
dl R FS L D DR UL,2,14,46,8,3,10,2
dl R FS L D UL DR,2,14,46,8,3,12,3
dl R FS L UL D DR,2,14,46,8,3,10,3
dl R L D FS DR UL,2,14,46,8,3,14,4
dl R L D FS UL DR,2,14,46,8,3,14,4
dl R L FS D DR UL,2,14,46,8,3,12,4
dl R L FS D UL DR,2,14,46,8,3,14,4
dl R L FS UL D DR,2,14,46,8,3,14,4
FS D dl L R DR UL,2,14,46,8,3,15,4
FS D dl L R UL DR,2,14,46,8,3,17,4
FS D dl L UL R DR,2,14,46,8,3,13,3
FS D dl R DR L UL,2,14,46,8,3,11,3
FS D dl R L DR UL,2,14,46,8,3,15,4
FS D dl R L UL DR,2,14,46,8,3,13,4
FS D L dl R DR UL,2,14,46,8,3,11,3
FS D L dl R UL DR,2,14,46,8,3,13,3
FS D L dl UL R DR,2,14,46,8,3,13,3
FS D L R dl DR UL,2,14,46,8,3,13,4
FS D L R dl UL DR,2,14,46,8,3,13,4
FS D L R DR dl UL,2,14,46,8,3,13,4
FS D L R UL dl DR,2,14,46,8,3,15,4
FS D L UL dl R DR,2,14,46,8,3,9,2
FS D L UL R dl DR,2,14,46,8,3,11,3
FS D R dl DR L UL,2,14,46,8,3,11,3
FS D R dl L DR UL,2,14,46,8,3,13,3
FS D R dl L UL DR,2,14,46,8,3,11,3
FS D R DR dl L UL,2,14,46,8,3,11,3
FS D R DR L dl UL,2,14,46,8,3,13,3
FS D R L dl DR UL,2,14,46,8,3,15,4
FS D R L dl UL DR,2,14,46,8,3,15,4
FS D R L DR dl UL,2,14,46,8,3,15,4
FS D R L UL dl DR,2,14,46,8,3,13,4
FS dl D L R DR UL,2,14,46,8,3,15,4
FS dl D L R UL DR,2,14,46,8,3,17,4
FS dl D L UL R DR,2,14,46,8,3,13,3
FS dl D R DR L UL,2,14,46,8,3,13,3
FS dl D R L DR UL,2,14,46,8,3,17,4
FS dl D R L UL DR,2,14,46,8,3,15,4
FS dl L D R DR UL,2,14,46,8,3,13,3
FS dl L D R UL DR,2,14,46,8,3,15,3
FS dl L D UL R DR,2,14,46,8,3,15,3
FS dl L R D DR UL,2,14,46,8,3,15,4
FS dl L R D UL DR,2,14,46,8,3,17,4
FS dl L R UL D DR,2,14,46,8,3,17,4
FS dl L UL D R DR,2,14,46,8,3,13,3
FS dl L UL R D DR,2,14,46,8,3,13,3
FS dl R D DR L UL,2,14,46,8,3,11,3
FS dl R D L DR UL,2,14,46,8,3,13,3
FS dl R D L UL DR,2,14,46,8,3,11,3
FS dl R L D DR UL,2,14,46,8,3,13,4
FS dl R L D UL DR,2,14,46,8,3,15,4
FS dl R L UL D DR,2,14,46,8,3,13,4
FS L D dl R DR UL,2,14,46,8,3,11,3
FS L D dl R UL DR,2,14,46,8,3,13,3
FS L D dl UL R DR,2,14,46,8,3,13,3
FS L D R dl DR UL,2,14,46,8,3,11,2
FS L D R dl UL DR,2,14,46,8,3,11,2
FS L D R DR dl UL,2,14,46,8,3,11,2
FS L D R UL dl DR,2,14,46,8,3,13,3
FS L D UL dl R DR,2,14,46,8,3,11,3
FS L D UL R dl DR,2,14,46,8,3,13,3
FS L dl D R DR UL,2,14,46,8,3,13,3
FS L dl D R UL DR,2,14,46,8,3,15,3
FS L dl D UL R DR,2,14,46,8,3,15,3
FS L dl R D DR UL,2,14,46,8,3,11,3
FS L dl R D UL DR,2,14,46,8,3,13,3
FS L dl R UL D DR,2,14,46,8,3,13,3
FS L dl UL D R DR,2,14,46,8,3,13,3
FS L dl UL R D DR,2,14,46,8,3,13,3
FS L R D dl DR UL,2,14,46,8,3,15,4
FS L R D dl UL DR,2,14,46,8,3,15,4
FS L R D DR dl UL,2,14,46,8,3,13,4
FS L R D UL dl DR,2,14,46,8,3,15,4
FS L R dl D DR UL,2,14,46,8,3,13,4
FS L R dl D UL DR,2,14,46,8,3,15,4
FS L R dl UL D DR,2,14,46,8,3,13,4
FS L R UL D dl DR,2,14,46,8,3,17,4
FS L R UL dl D DR,2,14,46,8,3,15,4
FS L UL D dl R DR,2,14,46,8,3,11,3
FS L UL D R dl DR,2,14,46,8,3,11,3
FS L UL dl D R DR,2,14,46,8,3,11,3
FS L UL dl R D DR,2,14,46,8,3,9,2
FS L UL R D dl DR,2,14,46,8,3,13,3
FS L UL R dl D DR,2,14,46,8,3,11,3
FS R D dl DR L UL,2,14,46,8,3,13,3
FS R D dl L DR UL,2,14,46,8,3,15,3
FS R D dl L UL DR,2,14,46,8,3,13,3
FS R D DR dl L UL,2,14,46,8,3,11,3
FS R D DR L dl UL,2,14,46,8,3,13,3
FS R D L dl DR UL,2,14,46,8,3,13,3
FS R D L dl UL DR,2,14,46,8,3,13,3
FS R D L DR dl UL,2,14,46,8,3,13,3
FS R D L UL dl DR,2,14,46,8,3,11,2
FS R dl D DR L UL,2,14,46,8,3,11,3
FS R dl D L DR UL,2,14,46,8,3,13,3
FS R dl D L UL DR,2,14,46,8,3,11,3
FS R dl L D DR UL,2,14,46,8,3,11,3
FS R dl L D UL DR,2,14,46,8,3,13,3
FS R dl L UL D DR,2,14,46,8,3,11,3
FS R L D dl DR UL,2,14,46,8,3,15,4
FS R L D dl UL DR,2,14,46,8,3,15,4
FS R L D DR dl UL,2,14,46,8,3,13,4
FS R L D UL dl DR,2,14,46,8,3,15,4
FS R L dl D DR UL,2,14,46,8,3,15,4
FS R L dl D UL DR,2,14,46,8,3,17,4
FS R L dl UL D DR,2,14,46,8,3,15,4
FS R L UL D dl DR,2,14,46,8,3,15,4
FS R L UL dl D DR,2,14,46,8,3,13,4
L D dl FS R DR UL,2,14,46,8,3,13,3
L D dl FS R UL DR,2,14,46,8,3,15,3
L D dl FS UL R DR,2,14,46,8,3,15,3
L D dl R FS DR UL,2,14,46,8,3,13,3
L D dl R FS UL DR,2,14,46,8,3,13,3
L D FS dl R DR UL,2,14,46,8,3,11,3
L D FS dl R UL DR,2,14,46,8,3,13,3
L D FS dl UL R DR,2,14,46,8,3,13,3
L D FS R dl DR UL,2,14,46,8,3,11,2
L D FS R dl UL DR,2,14,46,8,3,11,2
L D FS R DR dl UL,2,14,46,8,3,11,2
L D FS R UL dl DR,2,14,46,8,3,13,3
L D FS UL dl R DR,2,14,46,8,3,11,3
L D FS UL R dl DR,2,14,46,8,3,13,3
L D R dl FS DR UL,2,14,46,8,3,13,3
L D R dl FS UL DR,2,14,46,8,3,13,3
L D R FS dl DR UL,2,14,46,8,3,13,3
L D R FS dl UL DR,2,14,46,8,3,13,3
L D R FS DR dl UL,2,14,46,8,3,13,3
L D R FS UL dl DR,2,14,46,8,3,13,3
L dl D FS R DR UL,2,14,46,8,3,13,3
L dl D FS R UL DR,2,14,46,8,3,15,3
L dl D FS UL R DR,2,14,46,8,3,15,3
L dl D R FS DR UL,2,14,46,8,3,15,3
L dl D R FS UL DR,2,14,46,8,3,15,3
L dl FS D R DR UL,2,14,46,8,3,13,3
L dl FS D R UL DR,2,14,46,8,3,15,3
L dl FS D UL R DR,2,14,46,8,3,15,3
L dl FS R D DR UL,2,14,46,8,3,13,3
L dl FS R D UL DR,2,14,46,8,3,15,3
L dl FS R UL D DR,2,14,46,8,3,15,3
L dl FS UL D R DR,2,14,46,8,3,15,3
L dl FS UL R D DR,2,14,46,8,3,15,3
L dl R D FS DR UL,2,14,46,8,3,13,3
L dl R D FS UL DR,2,14,46,8,3,13,3
L dl R FS D DR UL,2,14,46,8,3,11,3
L dl R FS D UL DR,2,14,46,8,3,13,3
L dl R FS UL D DR,2,14,46,8,3,13,3
L FS D dl R DR UL,2,14,46,8,3,11,3
L FS D dl R UL DR,2,14,46,8,3,13,3
L FS D dl UL R DR,2,14,46,8,3,13,3
L FS D R dl DR UL,2,14,46,8,3,11,2
L FS D R dl UL DR,2,14,46,8,3,11,2
L FS D R DR dl UL,2,14,46,8,3,11,2
L FS D R UL dl DR,2,14,46,8,3,13,3
L FS D UL dl R DR,2,14,46,8,3,11,3
L FS D UL R dl DR,2,14,46,8,3,13,3
L FS dl D R DR UL,2,14,46,8,3,13,3
L FS dl D R UL DR,2,14,46,8,3,15,3
L FS dl D UL R DR,2,14,46,8,3,15,3
L FS dl R D DR UL,2,14,46,8,3,11,3
L FS dl R D UL DR,2,14,46,8,3,13,3
L FS dl R UL D DR,2,14,46,8,3,13,3
L FS dl UL D R DR,2,14,46,8,3,13,3
L FS dl UL R D DR,2,14,46,8,3,13,3
L FS R D dl DR UL,2,14,46,8,3,13,3
L FS R D dl UL DR,2,14,46,8,3,13,3
L FS R D DR dl UL,2,14,46,8,3,11,2
L FS R D UL dl DR,2,14,46,8,3,13,3
L FS R dl D DR UL,2,14,46,8,3,11,3
L FS R dl D UL DR,2,14,46,8,3,13,3
L FS R dl UL D DR,2,14,46,8,3,11,3
L FS R UL D dl DR,2,14,46,8,3,15,3
L FS R UL dl D DR,2,14,46,8,3,13,3
L FS UL D dl R DR,2,14,46,8,3,13,3
L FS UL D R dl DR,2,14,46,8,3,13,3
L FS UL dl D R DR,2,14,46,8,3,13,3
L FS UL dl R D DR,2,14,46,8,3,11,3
L FS UL R D dl DR,2,14,46,8,3,15,3
L FS UL R dl D DR,2,14,46,8,3,13,3
L R D dl FS DR UL,2,14,46,8,3,17,4
L R D dl FS UL DR,2,14,46,8,3,17,4
L R D FS dl DR UL,2,14,46,8,3,15,4
L R D FS dl UL DR,2,14,46,8,3,15,4
L R D FS DR dl UL,2,14,46,8,3,15,4
L R D FS UL dl DR,2,14,46,8,3,15,4
L R dl D FS DR UL,2,14,46,8,3,15,4
L R dl D FS UL DR,2,14,46,8,3,15,4
L R dl FS D DR UL,2,14,46,8,3,13,4
L R dl FS D UL DR,2,14,46,8,3,15,4
L R dl FS UL D DR,2,14,46,8,3,15,4
L R FS D dl DR UL,2,14,46,8,3,15,4
L R FS D dl UL DR,2,14,46,8,3,15,4
L R FS D DR dl UL,2,14,46,8,3,13,4
L R FS D UL dl DR,2,14,46,8,3,15,4
L R FS dl D DR UL,2,14,46,8,3,15,4
L R FS dl D UL DR,2,14,46,8,3,17,4
L R FS dl UL D DR,2,14,46,8,3,15,4
L R FS UL D dl DR,2,14,46,8,3,17,4
L R FS UL dl D DR,2,14,46,8,3,15,4
R D dl FS DR L UL,2,14,46,8,3,15,3
R D dl FS L DR UL,2,14,46,8,3,15,3
R D dl FS L UL DR,2,14,46,8,3,13,3
R D dl L FS DR UL,2,14,46,8,3,15,3
R D dl L FS UL DR,2,14,46,8,3,15,3
R D FS dl DR L UL,2,14,46,8,3,13,3
R D FS dl L DR UL,2,14,46,8,3,15,3
R D FS dl L UL DR,2,14,46,8,3,13,3
R D FS DR dl L UL,2,14,46,8,3,13,3
R D FS DR L dl UL,2,14,46,8,3,15,3
R D FS L dl DR UL,2,14,46,8,3,13,3
R D FS L dl UL DR,2,14,46,8,3,13,3
R D FS L DR dl UL,2,14,46,8,3,13,3
R D FS L UL dl DR,2,14,46,8,3,11,2
R D L dl FS DR UL,2,14,46,8,3,15,3
R D L dl FS UL DR,2,14,46,8,3,15,3
R D L FS dl DR UL,2,14,46,8,3,13,3
R D L FS dl UL DR,2,14,46,8,3,13,3
R D L FS DR dl UL,2,14,46,8,3,13,3
R D L FS UL dl DR,2,14,46,8,3,13,3
R dl D FS DR L UL,2,14,46,8,3,13,3
R dl D FS L DR UL,2,14,46,8,3,13,3
R dl D FS L UL DR,2,14,46,8,3,11,3
R dl D L FS DR UL,2,14,46,8,3,13,3
R dl D L FS UL DR,2,14,46,8,3,13,3
R dl FS D DR L UL,2,14,46,8,3,11,3
R dl FS D L DR UL,2,14,46,8,3,13,3
R dl FS D L UL DR,2,14,46,8,3,11,3
R dl FS L D DR UL,2,14,46,8,3,11,3
R dl FS L D UL DR,2,14,46,8,3,13,3
R dl FS L UL D DR,2,14,46,8,3,11,3
R dl L D FS DR UL,2,14,46,8,3,13,3
R dl L D FS UL DR,2,14,46,8,3,13,3
R dl L FS D DR UL,2,14,46,8,3,11,3
R dl L FS D UL DR,2,14,46,8,3,13,3
R dl L FS UL D DR,2,14,46,8,3,13,3
R FS D dl DR L UL,2,14,46,8,3,13,3
R FS D dl L DR UL,2,14,46,8,3,15,3
R FS D dl L UL DR,2,14,46,8,3,13,3
R FS D DR dl L UL,2,14,46,8,3,11,3
R FS D DR L dl UL,2,14,46,8,3,13,3
R FS D L dl DR UL,2,14,46,8,3,13,3
R FS D L dl UL DR,2,14,46,8,3,13,3
R FS D L DR dl UL,2,14,46,8,3,13,3
R FS D L UL dl DR,2,14,46,8,3,11,2
R FS dl D DR L UL,2,14,46,8,3,13,3
R FS dl D L DR UL,2,14,46,8,3,15,3
R FS dl D L UL DR,2,14,46,8,3,13,3
R FS dl L D DR UL,2,14,46,8,3,13,3
R FS dl L D UL DR,2,14,46,8,3,15,3
R FS dl L UL D DR,2,14,46,8,3,13,3
R FS L D dl DR UL,2,14,46,8,3,13,3
R FS L D dl UL DR,2,14,46,8,3,13,3
R FS L D DR dl UL,2,14,46,8,3,11,2
R FS L D UL dl DR,2,14,46,8,3,13,3
R FS L dl D DR UL,2,14,46,8,3,13,3
R FS L dl D UL DR,2,14,46,8,3,15,3
R FS L dl UL D DR,2,14,46,8,3,13,3
R FS L UL D dl DR,2,14,46,8,3,13,3
R FS L UL dl D DR,2,14,46,8,3,11,3
R L D dl FS DR UL,2,14,46,8,3,17,4
R L D dl FS UL DR,2,14,46,8,3,17,4
R L D FS dl DR UL,2,14,46,8,3,15,4
R L D FS dl UL DR,2,14,46,8,3,15,4
R L D FS DR dl UL,2,14,46,8,3,15,4
R L D FS UL dl DR,2,14,46,8,3,15,4
R L dl D FS DR UL,2,14,46,8,3,17,4
R L dl D FS UL DR,2,14,46,8,3,17,4
R L dl FS D DR UL,2,14,46,8,3,15,4
R L dl FS D UL DR,2,14,46,8,3,17,4
R L dl FS UL D DR,2,14,46,8,3,17,4
R L FS D dl DR UL,2,14,46,8,3,15,4
R L FS D dl UL DR,2,14,46,8,3,15,4
R L FS D DR dl UL,2,14,46,8,3,13,4
R L FS D UL dl DR,2,14,46,8,3,15,4
R L FS dl D DR UL,2,14,46,8,3,15,4
R L FS dl D UL DR,2,14,46,8,3,17,4
R L FS dl UL D DR,2,14,46,8,3,15,4
R L FS UL D dl DR,2,14,46,8,3,17,4
R L FS UL dl D DR,2,14,46,8,3,15,4
D L R UL DR FS dl,2,14,47,7,3,17,4
D L R UL FS DR dl,2,14,47,7,3,17,4
D L UL DR R FS dl,2,14,47,7,3,11,3
D L UL FS R DR dl,2,14,47,7,3,11,3
D L UL R DR FS dl,2,14,47,7,3,13,3
D L UL R FS DR dl,2,14,47,7,3,13,3
D R L UL DR FS dl,2,14,47,7,3,15,4
D R L UL FS DR dl,2,14,47,7,3,15,4
D R UL L DR FS dl,2,14,47,7,3,15,3
D R UL L FS DR dl,2,14,47,7,3,13,3
D UL L DR R FS dl,2,14,47,7,3,13,3
D UL L FS R DR dl,2,14,47,7,3,11,3
D UL L R DR FS dl,2,14,47,7,3,15,4
D UL L R FS DR dl,2,14,47,7,3,15,4
D UL R L DR FS dl,2,14,47,7,3,19,4
D UL R L FS DR dl,2,14,47,7,3,17,4
L D R UL DR FS dl,2,14,47,7,3,15,3
L D R UL FS DR dl,2,14,47,7,3,15,3
L D UL DR R FS dl,2,14,47,7,3,13,3
L D UL FS R DR dl,2,14,47,7,3,13,3
L D UL R DR FS dl,2,14,47,7,3,15,3
L D UL R FS DR dl,2,14,47,7,3,15,3
L R D UL DR FS dl,2,14,47,7,3,17,4
L R D UL FS DR dl,2,14,47,7,3,17,4
L R UL D DR FS dl,2,14,47,7,3,17,4
L R UL D FS DR dl,2,14,47,7,3,17,4
L R UL FS D DR dl,2,14,47,7,3,15,4
L UL D DR R FS dl,2,14,47,7,3,11,3
L UL D FS R DR dl,2,14,47,7,3,11,3
L UL D R DR FS dl,2,14,47,7,3,13,3
L UL D R FS DR dl,2,14,47,7,3,13,3
L UL FS D R DR dl,2,14,47,7,3,11,3
L UL FS R D DR dl,2,14,47,7,3,11,3
L UL R D DR FS dl,2,14,47,7,3,13,3
L UL R D FS DR dl,2,14,47,7,3,13,3
L UL R FS D DR dl,2,14,47,7,3,11,3
R D L UL DR FS dl,2,14,47,7,3,13,3
R D L UL FS DR dl,2,14,47,7,3,13,3
R D UL L DR FS dl,2,14,47,7,3,15,3
R D UL L FS DR dl,2,14,47,7,3,13,3
R L D UL DR FS dl,2,14,47,7,3,17,4
R L D UL FS DR dl,2,14,47,7,3,17,4
R L UL D DR FS dl,2,14,47,7,3,15,4
R L UL D FS DR dl,2,14,47,7,3,15,4
R L UL FS D DR dl,2,14,47,7,3,13,4
R UL D L DR FS dl,2,14,47,7,3,17,3
R UL D L FS DR dl,2,14,47,7,3,15,3
R UL L D DR FS dl,2,14,47,7,3,13,3
R UL L D FS DR dl,2,14,47,7,3,13,3
R UL L FS D DR dl,2,14,47,7,3,11,3
UL D L DR R FS dl,2,14,47,7,3,14,3
UL D L FS R DR dl,2,14,47,7,3,12,3
UL D L R DR FS dl,2,14,47,7,3,16,4
UL D L R FS DR dl,2,14,47,7,3,16,4
UL D R L DR FS dl,2,14,47,7,3,18,4
UL D R L FS DR dl,2,14,47,7,3,16,4
UL L D DR R FS dl,2,14,47,7,3,10,3
UL L D FS R DR dl,2,14,47,7,3,10,2
UL L D R DR FS dl,2,14,47,7,3,12,3
UL L D R FS DR dl,2,14,47,7,3,12,3
UL L FS D R DR dl,2,14,47,7,3,10,2
UL L FS R D DR dl,2,14,47,7,3,10,2
UL L R D DR FS dl,2,14,47,7,3,14,4
UL L R D FS DR dl,2,14,47,7,3,14,4
UL L R FS D DR dl,2,14,47,7,3,12,4
UL R D L DR FS dl,2,14,47,7,3,16,3
UL R D L FS DR dl,2,14,47,7,3,14,3
UL R L D DR FS dl,2,14,47,7,3,16,4
UL R L D FS DR dl,2,14,47,7,3,16,4
UL R L FS D DR dl,2,14,47,7,3,14,4
DR FS UL L D R dl,5,14,49,5,3,12,3
DR UL FS L D R dl,5,14,49,5,3,12,3
FS DR UL L D R dl,5,14,49,5,3,11,3
FS UL DR L D R dl,5,14,49,5,3,13,3
FS UL L DR D R dl,5,14,49,5,3,11,3
UL DR FS L D R dl,5,14,49,5,3,12,3
UL FS DR L D R dl,5,14,49,5,3,14,3
UL FS L DR D R dl,5,14,49,5,3,12,3
D dl DR UL L R FS,2,14,49,6,3,14,4
D dl DR UL R L FS,2,14,49,6,3,16,4
D dl UL DR L R FS,2,14,49,6,3,16,4
D dl UL DR R L FS,2,14,49,6,3,14,4
D DR dl UL L R FS,2,14,49,6,3,12,4
D DR dl UL R L FS,2,14,49,6,3,14,4
D DR UL dl L R FS,2,14,49,6,3,14,4
D DR UL dl R L FS,2,14,49,6,3,12,4
D DR UL L dl R FS,2,14,49,6,3,10,3
D UL dl DR L R FS,2,14,49,6,3,16,4
D UL dl DR R L FS,2,14,49,6,3,14,4
D UL DR dl L R FS,2,14,49,6,3,16,4
D UL DR dl R L FS,2,14,49,6,3,14,4
D UL DR L dl R FS,2,14,49,6,3,14,3
dl D DR UL L R FS,2,14,49,6,3,13,4
dl D DR UL R L FS,2,14,49,6,3,15,4
dl D UL DR L R FS,2,14,49,6,3,17,4
dl D UL DR R L FS,2,14,49,6,3,15,4
dl DR D UL L R FS,2,14,49,6,3,13,4
dl DR D UL R L FS,2,14,49,6,3,15,4
dl DR L UL D R FS,2,14,49,6,3,13,3
dl DR L UL R D FS,2,14,49,6,3,13,3
dl DR UL D L R FS,2,14,49,6,3,15,4
dl DR UL D R L FS,2,14,49,6,3,15,4
dl DR UL L D R FS,2,14,49,6,3,11,2
dl DR UL L R D FS,2,14,49,6,3,13,4
dl DR UL R D L FS,2,14,49,6,3,13,3
dl DR UL R L D FS,2,14,49,6,3,15,4
dl L DR UL D R FS,2,14,49,6,3,15,3
dl L DR UL R D FS,2,14,49,6,3,15,3
dl L UL DR D R FS,2,14,49,6,3,11,3
dl L UL DR R D FS,2,14,49,6,3,11,3
dl UL D DR L R FS,2,14,49,6,3,15,4
dl UL D DR R L FS,2,14,49,6,3,13,4
dl UL DR D L R FS,2,14,49,6,3,13,4
dl UL DR D R L FS,2,14,49,6,3,13,4
dl UL DR L D R FS,2,14,49,6,3,13,3
dl UL DR L R D FS,2,14,49,6,3,15,4
dl UL DR R D L FS,2,14,49,6,3,11,2
dl UL DR R L D FS,2,14,49,6,3,13,4
dl UL L DR D R FS,2,14,49,6,3,11,3
dl UL L DR R D FS,2,14,49,6,3,11,3
DR D dl UL L R FS,2,14,49,6,3,13,4
DR D dl UL R L FS,2,14,49,6,3,15,4
DR D UL dl L R FS,2,14,49,6,3,15,4
DR D UL dl R L FS,2,14,49,6,3,13,4
DR D UL L dl R FS,2,14,49,6,3,11,3
DR dl D UL L R FS,2,14,49,6,3,15,4
DR dl D UL R L FS,2,14,49,6,3,17,4
DR dl L UL D R FS,2,14,49,6,3,13,3
DR dl L UL R D FS,2,14,49,6,3,13,3
DR dl UL D L R FS,2,14,49,6,3,15,4
DR dl UL D R L FS,2,14,49,6,3,15,4
DR dl UL L D R FS,2,14,49,6,3,11,2
DR dl UL L R D FS,2,14,49,6,3,13,4
DR dl UL R D L FS,2,14,49,6,3,13,3
DR dl UL R L D FS,2,14,49,6,3,15,4
DR L dl UL D R FS,2,14,49,6,3,15,3
DR L dl UL R D FS,2,14,49,6,3,15,3
DR L UL D dl R FS,2,14,49,6,3,13,3
DR L UL dl D R FS,2,14,49,6,3,13,3
DR L UL dl R D FS,2,14,49,6,3,11,3
DR UL D dl L R FS,2,14,49,6,3,17,4
DR UL D dl R L FS,2,14,49,6,3,15,4
DR UL D L dl R FS,2,14,49,6,3,13,3
DR UL dl D L R FS,2,14,49,6,3,15,4
DR UL dl D R L FS,2,14,49,6,3,15,4
DR UL dl L D R FS,2,14,49,6,3,13,3
DR UL dl L R D FS,2,14,49,6,3,15,4
DR UL dl R D L FS,2,14,49,6,3,11,2
DR UL dl R L D FS,2,14,49,6,3,13,4
DR UL L D dl R FS,2,14,49,6,3,11,3
DR UL L dl D R FS,2,14,49,6,3,13,3
DR UL L dl R D FS,2,14,49,6,3,11,3
L dl DR UL D R FS,2,14,49,6,3,14,3
L dl DR UL R D FS,2,14,49,6,3,14,3
L dl UL DR D R FS,2,14,49,6,3,12,3
L dl UL DR R D FS,2,14,49,6,3,12,3
L DR dl UL D R FS,2,14,49,6,3,14,3
L DR dl UL R D FS,2,14,49,6,3,14,3
L DR UL D dl R FS,2,14,49,6,3,14,3
L DR UL dl D R FS,2,14,49,6,3,14,3
L DR UL dl R D FS,2,14,49,6,3,12,3
L UL dl DR D R FS,2,14,49,6,3,10,2
L UL dl DR R D FS,2,14,49,6,3,10,2
L UL DR D dl R FS,2,14,49,6,3,10,3
L UL DR dl D R FS,2,14,49,6,3,12,3
L UL DR dl R D FS,2,14,49,6,3,10,2
UL D dl DR L R FS,2,14,49,6,3,17,4
UL D dl DR R L FS,2,14,49,6,3,15,4
UL D DR dl L R FS,2,14,49,6,3,15,4
UL D DR dl R L FS,2,14,49,6,3,13,4
UL D DR L dl R FS,2,14,49,6,3,13,3
UL dl D DR L R FS,2,14,49,6,3,15,4
UL dl D DR R L FS,2,14,49,6,3,13,4
UL dl DR D L R FS,2,14,49,6,3,13,4
UL dl DR D R L FS,2,14,49,6,3,13,4
UL dl DR L D R FS,2,14,49,6,3,13,3
UL dl DR L R D FS,2,14,49,6,3,15,4
UL dl DR R D L FS,2,14,49,6,3,11,2
UL dl DR R L D FS,2,14,49,6,3,13,4
UL dl L DR D R FS,2,14,49,6,3,13,3
UL dl L DR R D FS,2,14,49,6,3,13,3
UL DR D dl L R FS,2,14,49,6,3,15,4
UL DR D dl R L FS,2,14,49,6,3,13,4
UL DR D L dl R FS,2,14,49,6,3,11,3
UL DR dl D L R FS,2,14,49,6,3,15,4
UL DR dl D R L FS,2,14,49,6,3,15,4
UL DR dl L D R FS,2,14,49,6,3,13,3
UL DR dl L R D FS,2,14,49,6,3,15,4
UL DR dl R D L FS,2,14,49,6,3,11,2
UL DR dl R L D FS,2,14,49,6,3,13,4
UL DR L D dl R FS,2,14,49,6,3,13,3
UL DR L dl D R FS,2,14,49,6,3,15,3
UL DR L dl R D FS,2,14,49,6,3,13,3
UL L dl DR D R FS,2,14,49,6,3,11,3
UL L dl DR R D FS,2,14,49,6,3,11,3
UL L DR D dl R FS,2,14,49,6,3,11,3
UL L DR dl D R FS,2,14,49,6,3,13,3
UL L DR dl R D FS,2,14,49,6,3,11,3
D dl DR FS R UL L,2,14,50,7,3,14,3
D dl FS DR R UL L,2,14,50,7,3,14,3
D DR dl FS R UL L,2,14,50,7,3,12,3
D DR FS dl R UL L,2,14,50,7,3,12,3
D DR FS R dl UL L,2,14,50,7,3,10,3
D FS dl DR R UL L,2,14,50,7,3,12,3
D FS DR dl R UL L,2,14,50,7,3,12,3
D FS DR R dl UL L,2,14,50,7,3,10,3
dl D DR FS R UL L,2,14,50,7,3,13,3
dl D FS DR R UL L,2,14,50,7,3,13,3
dl DR D FS R UL L,2,14,50,7,3,11,3
dl DR FS D R UL L,2,14,50,7,3,13,3
dl DR FS L UL D R,2,14,50,7,3,13,3
dl DR FS L UL R D,2,14,50,7,3,13,3
dl DR FS R D UL L,2,14,50,7,3,13,3
dl DR FS R UL D L,2,14,50,7,3,15,3
dl DR FS R UL L D,2,14,50,7,3,13,3
dl DR L FS UL D R,2,14,50,7,3,15,3
dl DR L FS UL R D,2,14,50,7,3,15,3
dl DR R FS D UL L,2,14,50,7,3,11,3
dl DR R FS UL D L,2,14,50,7,3,13,3
dl DR R FS UL L D,2,14,50,7,3,11,3
dl DR R UL FS D L,2,14,50,7,3,13,3
dl DR R UL FS L D,2,14,50,7,3,13,3
dl FS D DR R UL L,2,14,50,7,3,11,3
dl FS DR D R UL L,2,14,50,7,3,13,3
dl FS DR L UL D R,2,14,50,7,3,15,3
dl FS DR L UL R D,2,14,50,7,3,15,3
dl FS DR R D UL L,2,14,50,7,3,13,3
dl FS DR R UL D L,2,14,50,7,3,15,3
dl FS DR R UL L D,2,14,50,7,3,13,3
dl FS L DR UL D R,2,14,50,7,3,15,3
dl FS L DR UL R D,2,14,50,7,3,15,3
dl FS L UL DR D R,2,14,50,7,3,11,3
dl FS L UL DR R D,2,14,50,7,3,11,3
dl FS R DR D UL L,2,14,50,7,3,11,3
dl FS R DR UL D L,2,14,50,7,3,13,3
dl FS R DR UL L D,2,14,50,7,3,11,3
dl L DR FS UL D R,2,14,50,7,3,17,3
dl L DR FS UL R D,2,14,50,7,3,17,3
dl L FS DR UL D R,2,14,50,7,3,15,3
dl L FS DR UL R D,2,14,50,7,3,15,3
dl L FS UL DR D R,2,14,50,7,3,13,3
dl L FS UL DR R D,2,14,50,7,3,13,3
dl R DR FS D UL L,2,14,50,7,3,11,3
dl R DR FS UL D L,2,14,50,7,3,13,3
dl R DR FS UL L D,2,14,50,7,3,11,3
dl R DR UL FS D L,2,14,50,7,3,11,3
dl R DR UL FS L D,2,14,50,7,3,11,3
dl R FS DR D UL L,2,14,50,7,3,11,3
dl R FS DR UL D L,2,14,50,7,3,13,3
dl R FS DR UL L D,2,14,50,7,3,11,3
DR D dl FS R UL L,2,14,50,7,3,13,3
DR D FS dl R UL L,2,14,50,7,3,11,3
DR D FS R dl UL L,2,14,50,7,3,9,2
DR dl D FS R UL L,2,14,50,7,3,13,3
DR dl FS D R UL L,2,14,50,7,3,13,3
DR dl FS L UL D R,2,14,50,7,3,13,3
DR dl FS L UL R D,2,14,50,7,3,13,3
DR dl FS R D UL L,2,14,50,7,3,13,3
DR dl FS R UL D L,2,14,50,7,3,15,3
DR dl FS R UL L D,2,14,50,7,3,13,3
DR dl L FS UL D R,2,14,50,7,3,15,3
DR dl L FS UL R D,2,14,50,7,3,15,3
DR dl R FS D UL L,2,14,50,7,3,11,3
DR dl R FS UL D L,2,14,50,7,3,13,3
DR dl R FS UL L D,2,14,50,7,3,11,3
DR dl R UL FS D L,2,14,50,7,3,13,3
DR dl R UL FS L D,2,14,50,7,3,13,3
DR FS D dl R UL L,2,14,50,7,3,13,3
DR FS D R dl UL L,2,14,50,7,3,11,3
DR FS dl D R UL L,2,14,50,7,3,15,3
DR FS dl L UL D R,2,14,50,7,3,15,3
DR FS dl L UL R D,2,14,50,7,3,15,3
DR FS dl R D UL L,2,14,50,7,3,13,3
DR FS dl R UL D L,2,14,50,7,3,15,3
DR FS dl R UL L D,2,14,50,7,3,13,3
DR FS L dl UL D R,2,14,50,7,3,15,3
DR FS L dl UL R D,2,14,50,7,3,15,3
DR FS L UL D dl R,2,14,50,7,3,13,3
DR FS L UL dl D R,2,14,50,7,3,13,3
DR FS L UL dl R D,2,14,50,7,3,11,3
DR FS R D dl UL L,2,14,50,7,3,13,3
DR FS R dl D UL L,2,14,50,7,3,13,3
DR FS R dl UL D L,2,14,50,7,3,13,3
DR FS R dl UL L D,2,14,50,7,3,11,3
DR L dl FS UL D R,2,14,50,7,3,17,3
DR L dl FS UL R D,2,14,50,7,3,17,3
DR L FS dl UL D R,2,14,50,7,3,15,3
DR L FS dl UL R D,2,14,50,7,3,15,3
DR L FS UL D dl R,2,14,50,7,3,15,3
DR L FS UL dl D R,2,14,50,7,3,15,3
DR L FS UL dl R D,2,14,50,7,3,13,3
DR R dl FS D UL L,2,14,50,7,3,11,3
DR R dl FS UL D L,2,14,50,7,3,13,3
DR R dl FS UL L D,2,14,50,7,3,11,3
DR R dl UL FS D L,2,14,50,7,3,11,3
DR R dl UL FS L D,2,14,50,7,3,11,3
DR R FS D dl UL L,2,14,50,7,3,11,3
DR R FS dl D UL L,2,14,50,7,3,13,3
DR R FS dl UL D L,2,14,50,7,3,13,3
DR R FS dl UL L D,2,14,50,7,3,11,3
FS D dl DR R UL L,2,14,50,7,3,12,3
FS D DR dl R UL L,2,14,50,7,3,10,3
FS D DR R dl UL L,2,14,50,7,3,8,2
FS dl D DR R UL L,2,14,50,7,3,12,3
FS dl DR D R UL L,2,14,50,7,3,12,3
FS dl DR L UL D R,2,14,50,7,3,14,3
FS dl DR L UL R D,2,14,50,7,3,14,3
FS dl DR R D UL L,2,14,50,7,3,12,3
FS dl DR R UL D L,2,14,50,7,3,14,3
FS dl DR R UL L D,2,14,50,7,3,12,3
FS dl L DR UL D R,2,14,50,7,3,16,3
FS dl L DR UL R D,2,14,50,7,3,16,3
FS dl L UL DR D R,2,14,50,7,3,12,3
FS dl L UL DR R D,2,14,50,7,3,12,3
FS dl R DR D UL L,2,14,50,7,3,10,3
FS dl R DR UL D L,2,14,50,7,3,12,3
FS dl R DR UL L D,2,14,50,7,3,10,3
FS DR D dl R UL L,2,14,50,7,3,12,3
FS DR D R dl UL L,2,14,50,7,3,10,3
FS DR dl D R UL L,2,14,50,7,3,14,3
FS DR dl L UL D R,2,14,50,7,3,14,3
FS DR dl L UL R D,2,14,50,7,3,14,3
FS DR dl R D UL L,2,14,50,7,3,12,3
FS DR dl R UL D L,2,14,50,7,3,14,3
FS DR dl R UL L D,2,14,50,7,3,12,3
FS DR L dl UL D R,2,14,50,7,3,16,3
FS DR L dl UL R D,2,14,50,7,3,16,3
FS DR L UL D dl R,2,14,50,7,3,14,3
FS DR L UL dl D R,2,14,50,7,3,14,3
FS DR L UL dl R D,2,14,50,7,3,12,3
FS DR R D dl UL L,2,14,50,7,3,12,3
FS DR R dl D UL L,2,14,50,7,3,12,3
FS DR R dl UL D L,2,14,50,7,3,12,3
FS DR R dl UL L D,2,14,50,7,3,10,3
FS L dl DR UL D R,2,14,50,7,3,14,3
FS L dl DR UL R D,2,14,50,7,3,14,3
FS L dl UL DR D R,2,14,50,7,3,12,3
FS L dl UL DR R D,2,14,50,7,3,12,3
FS L DR dl UL D R,2,14,50,7,3,14,3
FS L DR dl UL R D,2,14,50,7,3,14,3
FS L DR UL D dl R,2,14,50,7,3,14,3
FS L DR UL dl D R,2,14,50,7,3,14,3
FS L DR UL dl R D,2,14,50,7,3,12,3
FS L UL dl DR D R,2,14,50,7,3,10,2
FS L UL dl DR R D,2,14,50,7,3,10,2
FS L UL DR D dl R,2,14,50,7,3,10,3
FS L UL DR dl D R,2,14,50,7,3,12,3
FS L UL DR dl R D,2,14,50,7,3,10,2
FS R dl DR D UL L,2,14,50,7,3,10,3
FS R dl DR UL D L,2,14,50,7,3,12,3
FS R dl DR UL L D,2,14,50,7,3,10,2
FS R DR D dl UL L,2,14,50,7,3,10,3
FS R DR dl D UL L,2,14,50,7,3,12,3
FS R DR dl UL D L,2,14,50,7,3,12,3
FS R DR dl UL L D,2,14,50,7,3,10,2
L dl DR FS UL D R,2,14,50,7,3,16,3
L dl DR FS UL R D,2,14,50,7,3,16,3
L dl FS DR UL D R,2,14,50,7,3,16,3
L dl FS DR UL R D,2,14,50,7,3,16,3
L dl FS UL DR D R,2,14,50,7,3,14,3
L dl FS UL DR R D,2,14,50,7,3,14,3
L DR dl FS UL D R,2,14,50,7,3,16,3
L DR dl FS UL R D,2,14,50,7,3,16,3
L DR FS dl UL D R,2,14,50,7,3,16,3
L DR FS dl UL R D,2,14,50,7,3,16,3
L DR FS UL D dl R,2,14,50,7,3,16,3
L DR FS UL dl D R,2,14,50,7,3,16,3
L DR FS UL dl R D,2,14,50,7,3,14,3
L FS dl DR UL D R,2,14,50,7,3,14,3
L FS dl DR UL R D,2,14,50,7,3,14,3
L FS dl UL DR D R,2,14,50,7,3,12,3
L FS dl UL DR R D,2,14,50,7,3,12,3
L FS DR dl UL D R,2,14,50,7,3,14,3
L FS DR dl UL R D,2,14,50,7,3,14,3
L FS DR UL D dl R,2,14,50,7,3,14,3
L FS DR UL dl D R,2,14,50,7,3,14,3
L FS DR UL dl R D,2,14,50,7,3,12,3
L FS UL dl DR D R,2,14,50,7,3,12,3
L FS UL dl DR R D,2,14,50,7,3,12,3
L FS UL DR D dl R,2,14,50,7,3,12,3
L FS UL DR dl D R,2,14,50,7,3,14,3
L FS UL DR dl R D,2,14,50,7,3,12,3
R dl DR FS D UL L,2,14,50,7,3,12,3
R dl DR FS UL D L,2,14,50,7,3,14,3
R dl DR FS UL L D,2,14,50,7,3,12,3
R dl DR UL FS D L,2,14,50,7,3,12,3
R dl DR UL FS L D,2,14,50,7,3,12,3
R dl FS DR D UL L,2,14,50,7,3,12,3
R dl FS DR UL D L,2,14,50,7,3,14,3
R dl FS DR UL L D,2,14,50,7,3,12,3
R DR dl FS D UL L,2,14,50,7,3,12,3
R DR dl FS UL D L,2,14,50,7,3,14,3
R DR dl FS UL L D,2,14,50,7,3,12,3
R DR dl UL FS D L,2,14,50,7,3,12,3
R DR dl UL FS L D,2,14,50,7,3,12,3
R DR FS D dl UL L,2,14,50,7,3,12,3
R DR FS dl D UL L,2,14,50,7,3,14,3
R DR FS dl UL D L,2,14,50,7,3,14,3
R DR FS dl UL L D,2,14,50,7,3,12,3
R FS dl DR D UL L,2,14,50,7,3,12,3
R FS dl DR UL D L,2,14,50,7,3,14,3
R FS dl DR UL L D,2,14,50,7,3,12,3
R FS DR D dl UL L,2,14,50,7,3,12,3
R FS DR dl D UL L,2,14,50,7,3,14,3
R FS DR dl UL D L,2,14,50,7,3,14,3
R FS DR dl UL L D,2,14,50,7,3,12,3
D DR FS R UL L dl,2,14,51,6,3,13,3
D DR FS UL L R dl,2,14,51,6,3,13,4
D DR FS UL R L dl,2,14,51,6,3,17,4
D DR UL FS L R dl,2,14,51,6,3,13,4
D DR UL FS R L dl,2,14,51,6,3,15,4
D DR UL L FS R dl,2,14,51,6,3,9,2
D FS DR R UL L dl,2,14,51,6,3,13,3
D FS DR UL L R dl,2,14,51,6,3,13,4
D FS DR UL R L dl,2,14,51,6,3,17,4
D FS UL DR L R dl,2,14,51,6,3,15,4
D FS UL DR R L dl,2,14,51,6,3,15,4
D UL DR FS L R dl,2,14,51,6,3,15,4
D UL DR FS R L dl,2,14,51,6,3,17,4
D UL DR L FS R dl,2,14,51,6,3,13,3
D UL FS DR L R dl,2,14,51,6,3,17,4
D UL FS DR R L dl,2,14,51,6,3,17,4
DR D FS R UL L dl,2,14,51,6,3,12,3
DR D FS UL L R dl,2,14,51,6,3,12,4
DR D FS UL R L dl,2,14,51,6,3,16,4
DR D UL FS L R dl,2,14,51,6,3,14,4
DR D UL FS R L dl,2,14,51,6,3,16,4
DR D UL L FS R dl,2,14,51,6,3,10,3
DR FS D R UL L dl,2,14,51,6,3,14,3
DR FS D UL L R dl,2,14,51,6,3,14,4
DR FS D UL R L dl,2,14,51,6,3,18,4
DR FS R D UL L dl,2,14,51,6,3,14,3
DR FS R UL D L dl,2,14,51,6,3,16,3
DR FS R UL L D dl,2,14,51,6,3,14,3
DR FS UL D L R dl,2,14,51,6,3,16,4
DR FS UL D R L dl,2,14,51,6,3,18,4
DR FS UL L R D dl,2,14,51,6,3,16,4
DR FS UL R D L dl,2,14,51,6,3,16,3
DR FS UL R L D dl,2,14,51,6,3,18,4
DR L UL D FS R dl,2,14,51,6,3,12,3
DR L UL FS D R dl,2,14,51,6,3,12,3
DR R FS D UL L dl,2,14,51,6,3,12,3
DR R FS UL D L dl,2,14,51,6,3,14,3
DR R FS UL L D dl,2,14,51,6,3,12,3
DR R UL FS D L dl,2,14,51,6,3,14,3
DR R UL FS L D dl,2,14,51,6,3,14,3
DR UL D FS L R dl,2,14,51,6,3,14,4
DR UL D FS R L dl,2,14,51,6,3,16,4
DR UL D L FS R dl,2,14,51,6,3,12,3
DR UL FS D L R dl,2,14,51,6,3,14,4
DR UL FS D R L dl,2,14,51,6,3,16,4
DR UL FS L R D dl,2,14,51,6,3,16,4
DR UL FS R D L dl,2,14,51,6,3,14,3
DR UL FS R L D dl,2,14,51,6,3,16,4
DR UL L D FS R dl,2,14,51,6,3,10,2
DR UL L FS D R dl,2,14,51,6,3,10,2
DR UL R FS D L dl,2,14,51,6,3,14,3
DR UL R FS L D dl,2,14,51,6,3,14,3
FS D DR R UL L dl,2,14,51,6,3,11,3
FS D DR UL L R dl,2,14,51,6,3,11,4
FS D DR UL R L dl,2,14,51,6,3,15,4
FS D UL DR L R dl,2,14,51,6,3,15,4
FS D UL DR R L dl,2,14,51,6,3,15,4
FS DR D R UL L dl,2,14,51,6,3,13,3
FS DR D UL L R dl,2,14,51,6,3,13,4
FS DR D UL R L dl,2,14,51,6,3,17,4
FS DR R D UL L dl,2,14,51,6,3,13,3
FS DR R UL D L dl,2,14,51,6,3,15,3
FS DR R UL L D dl,2,14,51,6,3,13,3
FS DR UL D L R dl,2,14,51,6,3,15,4
FS DR UL D R L dl,2,14,51,6,3,17,4
FS DR UL L R D dl,2,14,51,6,3,15,4
FS DR UL R D L dl,2,14,51,6,3,15,3
FS DR UL R L D dl,2,14,51,6,3,17,4
FS R DR D UL L dl,2,14,51,6,3,11,3
FS R DR UL D L dl,2,14,51,6,3,13,3
FS R DR UL L D dl,2,14,51,6,3,11,3
FS R UL DR D L dl,2,14,51,6,3,13,3
FS R UL DR L D dl,2,14,51,6,3,15,3
FS R UL L DR D dl,2,14,51,6,3,13,3
FS UL D DR L R dl,2,14,51,6,3,15,4
FS UL D DR R L dl,2,14,51,6,3,15,4
FS UL DR D L R dl,2,14,51,6,3,13,4
FS UL DR D R L dl,2,14,51,6,3,15,4
FS UL DR L R D dl,2,14,51,6,3,17,4
FS UL DR R D L dl,2,14,51,6,3,13,3
FS UL DR R L D dl,2,14,51,6,3,15,4
FS UL L DR R D dl,2,14,51,6,3,13,3
FS UL L R DR D dl,2,14,51,6,3,13,4
FS UL R DR D L dl,2,14,51,6,3,13,3
FS UL R DR L D dl,2,14,51,6,3,15,3
FS UL R L DR D dl,2,14,51,6,3,17,4
L DR UL D FS R dl,2,14,51,6,3,13,3
L DR UL FS D R dl,2,14,51,6,3,13,3
L UL DR D FS R dl,2,14,51,6,3,9,2
L UL DR FS D R dl,2,14,51,6,3,11,3
L UL FS DR D R dl,2,14,51,6,3,11,3
R DR FS D UL L dl,2,14,51,6,3,13,3
R DR FS UL D L dl,2,14,51,6,3,15,3
R DR FS UL L D dl,2,14,51,6,3,13,3
R DR UL FS D L dl,2,14,51,6,3,13,3
R DR UL FS L D dl,2,14,51,6,3,13,3
R FS DR D UL L dl,2,14,51,6,3,13,3
R FS DR UL D L dl,2,14,51,6,3,15,3
R FS DR UL L D dl,2,14,51,6,3,13,3
R FS UL DR D L dl,2,14,51,6,3,13,3
R FS UL DR L D dl,2,14,51,6,3,15,3
R FS UL L DR D dl,2,14,51,6,3,13,3
R UL DR FS D L dl,2,14,51,6,3,15,3
R UL DR FS L D dl,2,14,51,6,3,15,3
R UL FS DR D L dl,2,14,51,6,3,15,3
R UL FS DR L D dl,2,14,51,6,3,17,3
R UL FS L DR D dl,2,14,51,6,3,15,3
UL D DR FS L R dl,2,14,51,6,3,14,4
UL D DR FS R L dl,2,14,51,6,3,16,4
UL D DR L FS R dl,2,14,51,6,3,12,3
UL D FS DR L R dl,2,14,51,6,3,16,4
UL D FS DR R L dl,2,14,51,6,3,16,4
UL DR D FS L R dl,2,14,51,6,3,12,4
UL DR D FS R L dl,2,14,51,6,3,14,4
UL DR D L FS R dl,2,14,51,6,3,10,2
UL DR FS D L R dl,2,14,51,6,3,14,4
UL DR FS D R L dl,2,14,51,6,3,16,4
UL DR FS L R D dl,2,14,51,6,3,16,4
UL DR FS R D L dl,2,14,51,6,3,14,3
UL DR FS R L D dl,2,14,51,6,3,16,4
UL DR L D FS R dl,2,14,51,6,3,12,3
UL DR L FS D R dl,2,14,51,6,3,12,3
UL DR R FS D L dl,2,14,51,6,3,12,3
UL DR R FS L D dl,2,14,51,6,3,12,3
UL FS D DR L R dl,2,14,51,6,3,14,4
UL FS D DR R L dl,2,14,51,6,3,14,4
UL FS DR D L R dl,2,14,51,6,3,14,4
UL FS DR D R L dl,2,14,51,6,3,16,4
UL FS DR L R D dl,2,14,51,6,3,18,4
UL FS DR R D L dl,2,14,51,6,3,14,3
UL FS DR R L D dl,2,14,51,6,3,16,4
UL FS L DR R D dl,2,14,51,6,3,14,3
UL FS L R DR D dl,2,14,51,6,3,14,4
UL FS R DR D L dl,2,14,51,6,3,12,3
UL FS R DR L D dl,2,14,51,6,3,14,3
UL FS R L DR D dl,2,14,51,6,3,16,4
UL L DR D FS R dl,2,14,51,6,3,10,3
UL L DR FS D R dl,2,14,51,6,3,12,3
UL L FS DR D R dl,2,14,51,6,3,10,3
UL R DR FS D L dl,2,14,51,6,3,14,3
UL R DR FS L D dl,2,14,51,6,3,14,3
UL R FS DR D L dl,2,14,51,6,3,14,3
UL R FS DR L D dl,2,14,51,6,3,16,3
UL R FS L DR D dl,2,14,51,6,3,14,3
D DR R UL dl L FS,2,14,51,7,3,12,3
D DR R UL L dl FS,2,14,51,7,3,12,3
D DR UL L R dl FS,2,14,51,7,3,12,4
D DR UL R dl L FS,2,14,51,7,3,12,3
D DR UL R L dl FS,2,14,51,7,3,16,4
D R DR UL dl L FS,2,14,51,7,3,12,3
D R DR UL L dl FS,2,14,51,7,3,12,3
D R UL DR dl L FS,2,14,51,7,3,14,3
D R UL DR L dl FS,2,14,51,7,3,16,3
D UL DR L R dl FS,2,14,51,7,3,16,4
D UL DR R dl L FS,2,14,51,7,3,12,3
D UL DR R L dl FS,2,14,51,7,3,16,4
D UL R DR dl L FS,2,14,51,7,3,14,3
D UL R DR L dl FS,2,14,51,7,3,16,3
DR D R UL dl L FS,2,14,51,7,3,13,3
DR D R UL L dl FS,2,14,51,7,3,13,3
DR D UL L R dl FS,2,14,51,7,3,13,4
DR D UL R dl L FS,2,14,51,7,3,13,3
DR D UL R L dl FS,2,14,51,7,3,17,4
DR L R UL D dl FS,2,14,51,7,3,19,4
DR L R UL dl D FS,2,14,51,7,3,17,4
DR L UL D R dl FS,2,14,51,7,3,13,3
DR L UL R D dl FS,2,14,51,7,3,15,3
DR L UL R dl D FS,2,14,51,7,3,13,3
DR R D UL dl L FS,2,14,51,7,3,13,3
DR R D UL L dl FS,2,14,51,7,3,13,3
DR R L UL D dl FS,2,14,51,7,3,15,4
DR R L UL dl D FS,2,14,51,7,3,13,4
DR R UL D dl L FS,2,14,51,7,3,15,3
DR R UL D L dl FS,2,14,51,7,3,15,3
DR R UL dl D L FS,2,14,51,7,3,13,3
DR R UL dl L D FS,2,14,51,7,3,13,3
DR R UL L D dl FS,2,14,51,7,3,13,3
DR R UL L dl D FS,2,14,51,7,3,13,3
DR UL D L R dl FS,2,14,51,7,3,15,4
DR UL D R dl L FS,2,14,51,7,3,13,3
DR UL D R L dl FS,2,14,51,7,3,17,4
DR UL L D R dl FS,2,14,51,7,3,11,3
DR UL L R D dl FS,2,14,51,7,3,15,4
DR UL L R dl D FS,2,14,51,7,3,13,4
DR UL R D dl L FS,2,14,51,7,3,15,3
DR UL R D L dl FS,2,14,51,7,3,15,3
DR UL R dl D L FS,2,14,51,7,3,13,3
DR UL R dl L D FS,2,14,51,7,3,13,3
DR UL R L D dl FS,2,14,51,7,3,17,4
DR UL R L dl D FS,2,14,51,7,3,17,4
L DR R UL D dl FS,2,14,51,7,3,16,3
L DR R UL dl D FS,2,14,51,7,3,14,3
L DR UL D R dl FS,2,14,51,7,3,14,3
L DR UL R D dl FS,2,14,51,7,3,16,3
L DR UL R dl D FS,2,14,51,7,3,14,3
L R DR UL D dl FS,2,14,51,7,3,16,4
L R DR UL dl D FS,2,14,51,7,3,14,4
L R UL DR D dl FS,2,14,51,7,3,16,4
L R UL DR dl D FS,2,14,51,7,3,16,4
L UL DR D R dl FS,2,14,51,7,3,10,3
L UL DR R D dl FS,2,14,51,7,3,12,3
L UL DR R dl D FS,2,14,51,7,3,10,3
L UL R DR D dl FS,2,14,51,7,3,12,3
L UL R DR dl D FS,2,14,51,7,3,12,3
R D DR UL dl L FS,2,14,51,7,3,12,3
R D DR UL L dl FS,2,14,51,7,3,12,3
R D UL DR dl L FS,2,14,51,7,3,14,3
R D UL DR L dl FS,2,14,51,7,3,16,3
R DR D UL dl L FS,2,14,51,7,3,12,3
R DR D UL L dl FS,2,14,51,7,3,12,3
R DR L UL D dl FS,2,14,51,7,3,14,3
R DR L UL dl D FS,2,14,51,7,3,12,3
R DR UL D dl L FS,2,14,51,7,3,14,3
R DR UL D L dl FS,2,14,51,7,3,14,3
R DR UL dl D L FS,2,14,51,7,3,12,3
R DR UL dl L D FS,2,14,51,7,3,12,3
R DR UL L D dl FS,2,14,51,7,3,12,3
R DR UL L dl D FS,2,14,51,7,3,12,3
R L DR UL D dl FS,2,14,51,7,3,18,4
R L DR UL dl D FS,2,14,51,7,3,16,4
R L UL DR D dl FS,2,14,51,7,3,14,4
R L UL DR dl D FS,2,14,51,7,3,14,4
R UL D DR dl L FS,2,14,51,7,3,14,3
R UL D DR L dl FS,2,14,51,7,3,16,3
R UL DR D dl L FS,2,14,51,7,3,14,3
R UL DR D L dl FS,2,14,51,7,3,14,3
R UL DR dl D L FS,2,14,51,7,3,14,3
R UL DR dl L D FS,2,14,51,7,3,14,3
R UL DR L D dl FS,2,14,51,7,3,16,3
R UL DR L dl D FS,2,14,51,7,3,16,3
R UL L DR D dl FS,2,14,51,7,3,14,3
R UL L DR dl D FS,2,14,51,7,3,14,3
UL D DR L R dl FS,2,14,51,7,3,15,4
UL D DR R dl L FS,2,14,51,7,3,11,3
UL D DR R L dl FS,2,14,51,7,3,15,4
UL D R DR dl L FS,2,14,51,7,3,13,3
UL D R DR L dl FS,2,14,51,7,3,15,3
UL DR D L R dl FS,2,14,51,7,3,13,4
UL DR D R dl L FS,2,14,51,7,3,11,3
UL DR D R L dl FS,2,14,51,7,3,15,4
UL DR L D R dl FS,2,14,51,7,3,13,3
UL DR L R D dl FS,2,14,51,7,3,17,4
UL DR L R dl D FS,2,14,51,7,3,15,4
UL DR R D dl L FS,2,14,51,7,3,13,3
UL DR R D L dl FS,2,14,51,7,3,13,3
UL DR R dl D L FS,2,14,51,7,3,11,3
UL DR R dl L D FS,2,14,51,7,3,11,3
UL DR R L D dl FS,2,14,51,7,3,15,4
UL DR R L dl D FS,2,14,51,7,3,15,4
UL L DR D R dl FS,2,14,51,7,3,11,3
UL L DR R D dl FS,2,14,51,7,3,13,3
UL L DR R dl D FS,2,14,51,7,3,11,3
UL L R DR D dl FS,2,14,51,7,3,13,4
UL L R DR dl D FS,2,14,51,7,3,13,4
UL R D DR dl L FS,2,14,51,7,3,13,3
UL R D DR L dl FS,2,14,51,7,3,15,3
UL R DR D dl L FS,2,14,51,7,3,13,3
UL R DR D L dl FS,2,14,51,7,3,13,3
UL R DR dl D L FS,2,14,51,7,3,13,3
UL R DR dl L D FS,2,14,51,7,3,13,3
UL R DR L D dl FS,2,14,51,7,3,15,3
UL R DR L dl D FS,2,14,51,7,3,15,3
UL R L DR D dl FS,2,14,51,7,3,17,4
UL R L DR dl D FS,2,14,51,7,3,17,4
D dl DR FS L R UL,2,14,52,8,3,17,4
D dl DR FS L UL R,2,14,52,8,3,14,3
D dl DR FS R L UL,2,14,52,8,3,15,4
D dl DR L FS R UL,2,14,52,8,3,15,3
D dl DR L FS UL R,2,14,52,8,3,16,3
D dl DR L UL FS R,2,14,52,8,3,14,3
D dl DR R FS UL L,2,14,52,8,3,12,3
D dl DR R UL FS L,2,14,52,8,3,14,3
D dl FS DR L R UL,2,14,52,8,3,19,4
D dl FS DR L UL R,2,14,52,8,3,16,3
D dl FS DR R L UL,2,14,52,8,3,15,4
D dl FS L DR R UL,2,14,52,8,3,15,3
D dl FS L DR UL R,2,14,52,8,3,16,3
D dl L DR FS R UL,2,14,52,8,3,17,3
D dl L DR FS UL R,2,14,52,8,3,18,3
D dl L DR UL FS R,2,14,52,8,3,16,3
D dl L FS DR R UL,2,14,52,8,3,15,3
D dl L FS DR UL R,2,14,52,8,3,16,3
D dl R DR FS UL L,2,14,52,8,3,12,3
D dl R DR UL FS L,2,14,52,8,3,12,3
D DR dl FS L R UL,2,14,52,8,3,15,4
D DR dl FS L UL R,2,14,52,8,3,12,3
D DR dl FS R L UL,2,14,52,8,3,13,4
D DR dl L FS R UL,2,14,52,8,3,13,3
D DR dl L FS UL R,2,14,52,8,3,14,3
D DR dl L UL FS R,2,14,52,8,3,12,3
D DR dl R FS UL L,2,14,52,8,3,10,3
D DR dl R UL FS L,2,14,52,8,3,12,3
D DR FS dl L R UL,2,14,52,8,3,17,4
D DR FS dl L UL R,2,14,52,8,3,14,3
D DR FS dl R L UL,2,14,52,8,3,13,4
D DR FS L dl R UL,2,14,52,8,3,13,3
D DR FS L dl UL R,2,14,52,8,3,14,3
D DR FS L R dl UL,2,14,52,8,3,13,4
D DR FS L UL dl R,2,14,52,8,3,10,3
D DR FS R dl L UL,2,14,52,8,3,11,3
D DR FS R L dl UL,2,14,52,8,3,15,4
D DR L dl FS R UL,2,14,52,8,3,15,3
D DR L dl FS UL R,2,14,52,8,3,16,3
D DR L dl UL FS R,2,14,52,8,3,14,3
D DR L FS dl R UL,2,14,52,8,3,13,3
D DR L FS dl UL R,2,14,52,8,3,14,3
D DR L FS R dl UL,2,14,52,8,3,11,3
D DR L FS UL dl R,2,14,52,8,3,12,3
D DR L UL dl FS R,2,14,52,8,3,12,3
D DR L UL FS dl R,2,14,52,8,3,12,3
D DR R dl FS UL L,2,14,52,8,3,10,3
D DR R dl UL FS L,2,14,52,8,3,10,3
D DR R FS dl UL L,2,14,52,8,3,10,3
D FS dl DR L R UL,2,14,52,8,3,17,4
D FS dl DR L UL R,2,14,52,8,3,14,3
D FS dl DR R L UL,2,14,52,8,3,13,4
D FS dl L DR R UL,2,14,52,8,3,15,3
D FS dl L DR UL R,2,14,52,8,3,16,3
D FS DR dl L R UL,2,14,52,8,3,17,4
D FS DR dl L UL R,2,14,52,8,3,14,3
D FS DR dl R L UL,2,14,52,8,3,13,4
D FS DR L dl R UL,2,14,52,8,3,15,3
D FS DR L dl UL R,2,14,52,8,3,16,3
D FS DR L R dl UL,2,14,52,8,3,15,4
D FS DR L UL dl R,2,14,52,8,3,12,3
D FS DR R dl L UL,2,14,52,8,3,11,3
D FS DR R L dl UL,2,14,52,8,3,15,4
D FS L dl DR R UL,2,14,52,8,3,13,3
D FS L dl DR UL R,2,14,52,8,3,14,3
D FS L DR dl R UL,2,14,52,8,3,13,3
D FS L DR dl UL R,2,14,52,8,3,14,3
D FS L DR R dl UL,2,14,52,8,3,11,3
D FS L DR UL dl R,2,14,52,8,3,12,3
D L dl DR FS R UL,2,14,52,8,3,15,3
D L dl DR FS UL R,2,14,52,8,3,16,3
D L dl DR UL FS R,2,14,52,8,3,14,3
D L dl FS DR R UL,2,14,52,8,3,15,3
D L dl FS DR UL R,2,14,52,8,3,16,3
D L DR dl FS R UL,2,14,52,8,3,15,3
D L DR dl FS UL R,2,14,52,8,3,16,3
D L DR dl UL FS R,2,14,52,8,3,14,3
D L DR FS dl R UL,2,14,52,8,3,15,3
D L DR FS dl UL R,2,14,52,8,3,16,3
D L DR FS R dl UL,2,14,52,8,3,13,3
D L DR FS UL dl R,2,14,52,8,3,14,3
D L DR UL dl FS R,2,14,52,8,3,14,3
D L DR UL FS dl R,2,14,52,8,3,14,3
D L FS dl DR R UL,2,14,52,8,3,13,3
D L FS dl DR UL R,2,14,52,8,3,14,3
D L FS DR dl R UL,2,14,52,8,3,13,3
D L FS DR dl UL R,2,14,52,8,3,14,3
D L FS DR R dl UL,2,14,52,8,3,11,3
D L FS DR UL dl R,2,14,52,8,3,12,3
D R dl DR FS UL L,2,14,52,8,3,12,3
D R dl DR UL FS L,2,14,52,8,3,12,3
D R DR dl FS UL L,2,14,52,8,3,12,3
D R DR dl UL FS L,2,14,52,8,3,12,3
D R DR FS dl UL L,2,14,52,8,3,12,3
dl D DR FS L R UL,2,14,52,8,3,16,4
dl D DR FS L UL R,2,14,52,8,3,13,3
dl D DR FS R L UL,2,14,52,8,3,14,4
dl D DR L FS R UL,2,14,52,8,3,14,3
dl D DR L FS UL R,2,14,52,8,3,15,3
dl D DR L UL FS R,2,14,52,8,3,13,3
dl D DR R FS UL L,2,14,52,8,3,11,3
dl D DR R UL FS L,2,14,52,8,3,13,3
dl D FS DR L R UL,2,14,52,8,3,18,4
dl D FS DR L UL R,2,14,52,8,3,15,3
dl D FS DR R L UL,2,14,52,8,3,14,4
dl D FS L DR R UL,2,14,52,8,3,14,3
dl D FS L DR UL R,2,14,52,8,3,15,3
dl D L DR FS R UL,2,14,52,8,3,16,3
dl D L DR FS UL R,2,14,52,8,3,17,3
dl D L DR UL FS R,2,14,52,8,3,15,3
dl D L FS DR R UL,2,14,52,8,3,14,3
dl D L FS DR UL R,2,14,52,8,3,15,3
dl D R DR FS UL L,2,14,52,8,3,13,3
dl D R DR UL FS L,2,14,52,8,3,13,3
dl DR D FS L R UL,2,14,52,8,3,14,4
dl DR D FS L UL R,2,14,52,8,3,11,3
dl DR D FS R L UL,2,14,52,8,3,12,4
dl DR D L FS R UL,2,14,52,8,3,12,3
dl DR D L FS UL R,2,14,52,8,3,13,3
dl DR D L UL FS R,2,14,52,8,3,11,3
dl DR D R FS UL L,2,14,52,8,3,11,3
dl DR D R UL FS L,2,14,52,8,3,13,3
dl DR FS D L R UL,2,14,52,8,3,16,4
dl DR FS D L UL R,2,14,52,8,3,13,3
dl DR FS D R L UL,2,14,52,8,3,14,4
dl DR FS L D R UL,2,14,52,8,3,14,3
dl DR FS L D UL R,2,14,52,8,3,15,3
dl DR FS L R D UL,2,14,52,8,3,16,4
dl DR FS L R UL D,2,14,52,8,3,17,4
dl DR FS R D L UL,2,14,52,8,3,12,3
dl DR FS R L D UL,2,14,52,8,3,16,4
dl DR FS R L UL D,2,14,52,8,3,15,4
dl DR L D FS R UL,2,14,52,8,3,14,3
dl DR L D FS UL R,2,14,52,8,3,15,3
dl DR L D UL FS R,2,14,52,8,3,15,3
dl DR L FS D R UL,2,14,52,8,3,14,3
dl DR L FS D UL R,2,14,52,8,3,15,3
dl DR L FS R D UL,2,14,52,8,3,14,3
dl DR L FS R UL D,2,14,52,8,3,15,3
dl DR L R FS D UL,2,14,52,8,3,16,4
dl DR L R FS UL D,2,14,52,8,3,17,4
dl DR L R UL FS D,2,14,52,8,3,17,4
dl DR R D FS UL L,2,14,52,8,3,11,3
dl DR R D UL FS L,2,14,52,8,3,13,3
dl DR R FS D L UL,2,14,52,8,3,10,2
dl DR R FS L D UL,2,14,52,8,3,12,3
dl DR R FS L UL D,2,14,52,8,3,11,3
dl DR R L FS D UL,2,14,52,8,3,14,4
dl DR R L FS UL D,2,14,52,8,3,15,4
dl DR R L UL FS D,2,14,52,8,3,13,4
dl DR R UL D FS L,2,14,52,8,3,13,3
dl DR R UL L FS D,2,14,52,8,3,11,3
dl FS D DR L R UL,2,14,52,8,3,16,4
dl FS D DR L UL R,2,14,52,8,3,13,3
dl FS D DR R L UL,2,14,52,8,3,12,4
dl FS D L DR R UL,2,14,52,8,3,14,3
dl FS D L DR UL R,2,14,52,8,3,15,3
dl FS DR D L R UL,2,14,52,8,3,16,4
dl FS DR D L UL R,2,14,52,8,3,13,3
dl FS DR D R L UL,2,14,52,8,3,14,4
dl FS DR L D R UL,2,14,52,8,3,16,3
dl FS DR L D UL R,2,14,52,8,3,17,3
dl FS DR L R D UL,2,14,52,8,3,18,4
dl FS DR L R UL D,2,14,52,8,3,19,4
dl FS DR R D L UL,2,14,52,8,3,12,3
dl FS DR R L D UL,2,14,52,8,3,16,4
dl FS DR R L UL D,2,14,52,8,3,15,4
dl FS L D DR R UL,2,14,52,8,3,12,3
dl FS L D DR UL R,2,14,52,8,3,13,3
dl FS L DR D R UL,2,14,52,8,3,14,3
dl FS L DR D UL R,2,14,52,8,3,15,3
dl FS L DR R D UL,2,14,52,8,3,14,3
dl FS L DR R UL D,2,14,52,8,3,15,3
dl FS L R DR D UL,2,14,52,8,3,14,4
dl FS L R DR UL D,2,14,52,8,3,15,4
dl FS R DR D L UL,2,14,52,8,3,10,3
dl FS R DR L D UL,2,14,52,8,3,14,3
dl FS R DR L UL D,2,14,52,8,3,13,3
dl FS R L DR D UL,2,14,52,8,3,16,4
dl FS R L DR UL D,2,14,52,8,3,17,4
dl L D DR FS R UL,2,14,52,8,3,14,3
dl L D DR FS UL R,2,14,52,8,3,15,3
dl L D DR UL FS R,2,14,52,8,3,13,3
dl L D FS DR R UL,2,14,52,8,3,14,3
dl L D FS DR UL R,2,14,52,8,3,15,3
dl L DR D FS R UL,2,14,52,8,3,14,3
dl L DR D FS UL R,2,14,52,8,3,15,3
dl L DR D UL FS R,2,14,52,8,3,15,3
dl L DR FS D R UL,2,14,52,8,3,16,3
dl L DR FS D UL R,2,14,52,8,3,17,3
dl L DR FS R D UL,2,14,52,8,3,16,3
dl L DR FS R UL D,2,14,52,8,3,17,3
dl L DR R FS D UL,2,14,52,8,3,14,3
dl L DR R FS UL D,2,14,52,8,3,15,3
dl L DR R UL FS D,2,14,52,8,3,15,3
dl L FS D DR R UL,2,14,52,8,3,12,3
dl L FS D DR UL R,2,14,52,8,3,13,3
dl L FS DR D R UL,2,14,52,8,3,14,3
dl L FS DR D UL R,2,14,52,8,3,15,3
dl L FS DR R D UL,2,14,52,8,3,14,3
dl L FS DR R UL D,2,14,52,8,3,15,3
dl L FS R DR D UL,2,14,52,8,3,12,3
dl L FS R DR UL D,2,14,52,8,3,13,3
dl L R DR FS D UL,2,14,52,8,3,16,4
dl L R DR FS UL D,2,14,52,8,3,17,4
dl L R DR UL FS D,2,14,52,8,3,15,4
dl L R FS DR D UL,2,14,52,8,3,16,4
dl L R FS DR UL D,2,14,52,8,3,17,4
dl R D DR FS UL L,2,14,52,8,3,11,3
dl R D DR UL FS L,2,14,52,8,3,11,3
dl R DR D FS UL L,2,14,52,8,3,9,3
dl R DR D UL FS L,2,14,52,8,3,11,3
dl R DR FS D L UL,2,14,52,8,3,10,3
dl R DR FS L D UL,2,14,52,8,3,12,3
dl R DR FS L UL D,2,14,52,8,3,11,3
dl R DR L FS D UL,2,14,52,8,3,12,3
dl R DR L FS UL D,2,14,52,8,3,13,3
dl R DR L UL FS D,2,14,52,8,3,11,3
dl R DR UL D FS L,2,14,52,8,3,11,3
dl R DR UL L FS D,2,14,52,8,3,9,2
dl R FS DR D L UL,2,14,52,8,3,10,3
dl R FS DR L D UL,2,14,52,8,3,14,3
dl R FS DR L UL D,2,14,52,8,3,13,3
dl R FS L DR D UL,2,14,52,8,3,12,3
dl R FS L DR UL D,2,14,52,8,3,13,3
dl R L DR FS D UL,2,14,52,8,3,16,4
dl R L DR FS UL D,2,14,52,8,3,17,4
dl R L DR UL FS D,2,14,52,8,3,15,4
dl R L FS DR D UL,2,14,52,8,3,14,4
dl R L FS DR UL D,2,14,52,8,3,15,4
DR D dl FS L R UL,2,14,52,8,3,16,4
DR D dl FS L UL R,2,14,52,8,3,13,3
DR D dl FS R L UL,2,14,52,8,3,14,4
DR D dl L FS R UL,2,14,52,8,3,14,3
DR D dl L FS UL R,2,14,52,8,3,15,3
DR D dl L UL FS R,2,14,52,8,3,13,3
DR D dl R FS UL L,2,14,52,8,3,11,3
DR D dl R UL FS L,2,14,52,8,3,13,3
DR D FS dl L R UL,2,14,52,8,3,16,4
DR D FS dl L UL R,2,14,52,8,3,13,3
DR D FS dl R L UL,2,14,52,8,3,12,4
DR D FS L dl R UL,2,14,52,8,3,12,3
DR D FS L dl UL R,2,14,52,8,3,13,3
DR D FS L R dl UL,2,14,52,8,3,12,4
DR D FS L UL dl R,2,14,52,8,3,9,2
DR D FS R dl L UL,2,14,52,8,3,10,3
DR D FS R L dl UL,2,14,52,8,3,14,4
DR D L dl FS R UL,2,14,52,8,3,14,3
DR D L dl FS UL R,2,14,52,8,3,15,3
DR D L dl UL FS R,2,14,52,8,3,13,3
DR D L FS dl R UL,2,14,52,8,3,12,3
DR D L FS dl UL R,2,14,52,8,3,13,3
DR D L FS R dl UL,2,14,52,8,3,10,2
DR D L FS UL dl R,2,14,52,8,3,11,3
DR D L UL dl FS R,2,14,52,8,3,11,3
DR D L UL FS dl R,2,14,52,8,3,11,3
DR D R dl FS UL L,2,14,52,8,3,11,3
DR D R dl UL FS L,2,14,52,8,3,11,3
DR D R FS dl UL L,2,14,52,8,3,11,3
DR dl D FS L R UL,2,14,52,8,3,16,4
DR dl D FS L UL R,2,14,52,8,3,13,3
DR dl D FS R L UL,2,14,52,8,3,14,4
DR dl D L FS R UL,2,14,52,8,3,14,3
DR dl D L FS UL R,2,14,52,8,3,15,3
DR dl D L UL FS R,2,14,52,8,3,13,3
DR dl D R FS UL L,2,14,52,8,3,13,3
DR dl D R UL FS L,2,14,52,8,3,15,3
DR dl FS D L R UL,2,14,52,8,3,16,4
DR dl FS D L UL R,2,14,52,8,3,13,3
DR dl FS D R L UL,2,14,52,8,3,14,4
DR dl FS L D R UL,2,14,52,8,3,14,3
DR dl FS L D UL R,2,14,52,8,3,15,3
DR dl FS L R D UL,2,14,52,8,3,16,4
DR dl FS L R UL D,2,14,52,8,3,17,4
DR dl FS R D L UL,2,14,52,8,3,12,3
DR dl FS R L D UL,2,14,52,8,3,16,4
DR dl FS R L UL D,2,14,52,8,3,15,4
DR dl L D FS R UL,2,14,52,8,3,14,3
DR dl L D FS UL R,2,14,52,8,3,15,3
DR dl L D UL FS R,2,14,52,8,3,15,3
DR dl L FS D R UL,2,14,52,8,3,14,3
DR dl L FS D UL R,2,14,52,8,3,15,3
DR dl L FS R D UL,2,14,52,8,3,14,3
DR dl L FS R UL D,2,14,52,8,3,15,3
DR dl L R FS D UL,2,14,52,8,3,16,4
DR dl L R FS UL D,2,14,52,8,3,17,4
DR dl L R UL FS D,2,14,52,8,3,17,4
DR dl R D FS UL L,2,14,52,8,3,11,3
DR dl R D UL FS L,2,14,52,8,3,13,3
DR dl R FS D L UL,2,14,52,8,3,10,2
DR dl R FS L D UL,2,14,52,8,3,12,3
DR dl R FS L UL D,2,14,52,8,3,11,3
DR dl R L FS D UL,2,14,52,8,3,14,4
DR dl R L FS UL D,2,14,52,8,3,15,4
DR dl R L UL FS D,2,14,52,8,3,13,4
DR dl R UL D FS L,2,14,52,8,3,13,3
DR dl R UL L FS D,2,14,52,8,3,11,3
DR FS D dl L R UL,2,14,52,8,3,18,4
DR FS D dl L UL R,2,14,52,8,3,15,3
DR FS D dl R L UL,2,14,52,8,3,14,4
DR FS D L dl R UL,2,14,52,8,3,14,3
DR FS D L dl UL R,2,14,52,8,3,15,3
DR FS D L R dl UL,2,14,52,8,3,14,4
DR FS D L UL dl R,2,14,52,8,3,11,3
DR FS D R dl L UL,2,14,52,8,3,12,3
DR FS D R L dl UL,2,14,52,8,3,16,4
DR FS dl D L R UL,2,14,52,8,3,18,4
DR FS dl D L UL R,2,14,52,8,3,15,3
DR FS dl D R L UL,2,14,52,8,3,16,4
DR FS dl L D R UL,2,14,52,8,3,16,3
DR FS dl L D UL R,2,14,52,8,3,17,3
DR FS dl L R D UL,2,14,52,8,3,18,4
DR FS dl L R UL D,2,14,52,8,3,19,4
DR FS dl R D L UL,2,14,52,8,3,12,3
DR FS dl R L D UL,2,14,52,8,3,16,4
DR FS dl R L UL D,2,14,52,8,3,15,4
DR FS L D dl R UL,2,14,52,8,3,14,3
DR FS L D dl UL R,2,14,52,8,3,15,3
DR FS L D R dl UL,2,14,52,8,3,12,3
DR FS L D UL dl R,2,14,52,8,3,13,3
DR FS L dl D R UL,2,14,52,8,3,16,3
DR FS L dl D UL R,2,14,52,8,3,17,3
DR FS L dl R D UL,2,14,52,8,3,14,3
DR FS L dl R UL D,2,14,52,8,3,15,3
DR FS L R D dl UL,2,14,52,8,3,16,4
DR FS L R dl D UL,2,14,52,8,3,16,4
DR FS L R dl UL D,2,14,52,8,3,15,4
DR FS L R UL dl D,2,14,52,8,3,17,4
DR FS L UL R dl D,2,14,52,8,3,13,3
DR FS R D dl L UL,2,14,52,8,3,14,3
DR FS R D L dl UL,2,14,52,8,3,14,3
DR FS R dl D L UL,2,14,52,8,3,12,3
DR FS R dl L D UL,2,14,52,8,3,14,3
DR FS R dl L UL D,2,14,52,8,3,13,3
DR FS R L D dl UL,2,14,52,8,3,16,4
DR FS R L dl D UL,2,14,52,8,3,18,4
DR FS R L dl UL D,2,14,52,8,3,17,4
DR FS R L UL dl D,2,14,52,8,3,15,4
DR L D dl FS R UL,2,14,52,8,3,16,3
DR L D dl FS UL R,2,14,52,8,3,17,3
DR L D dl UL FS R,2,14,52,8,3,15,3
DR L D FS dl R UL,2,14,52,8,3,14,3
DR L D FS dl UL R,2,14,52,8,3,15,3
DR L D FS R dl UL,2,14,52,8,3,12,3
DR L D FS UL dl R,2,14,52,8,3,13,3
DR L D UL dl FS R,2,14,52,8,3,15,3
DR L D UL FS dl R,2,14,52,8,3,15,3
DR L dl D FS R UL,2,14,52,8,3,16,3
DR L dl D FS UL R,2,14,52,8,3,17,3
DR L dl D UL FS R,2,14,52,8,3,17,3
DR L dl FS D R UL,2,14,52,8,3,16,3
DR L dl FS D UL R,2,14,52,8,3,17,3
DR L dl FS R D UL,2,14,52,8,3,16,3
DR L dl FS R UL D,2,14,52,8,3,17,3
DR L dl R FS D UL,2,14,52,8,3,14,3
DR L dl R FS UL D,2,14,52,8,3,15,3
DR L dl R UL FS D,2,14,52,8,3,15,3
DR L FS D dl R UL,2,14,52,8,3,14,3
DR L FS D dl UL R,2,14,52,8,3,15,3
DR L FS D R dl UL,2,14,52,8,3,12,3
DR L FS D UL dl R,2,14,52,8,3,13,3
DR L FS dl D R UL,2,14,52,8,3,16,3
DR L FS dl D UL R,2,14,52,8,3,17,3
DR L FS dl R D UL,2,14,52,8,3,14,3
DR L FS dl R UL D,2,14,52,8,3,15,3
DR L FS R D dl UL,2,14,52,8,3,14,3
DR L FS R dl D UL,2,14,52,8,3,14,3
DR L FS R dl UL D,2,14,52,8,3,13,3
DR L FS R UL dl D,2,14,52,8,3,15,3
DR L FS UL R dl D,2,14,52,8,3,15,3
DR L R dl FS D UL,2,14,52,8,3,16,4
DR L R dl FS UL D,2,14,52,8,3,17,4
DR L R dl UL FS D,2,14,52,8,3,15,4
DR L R FS D dl UL,2,14,52,8,3,16,4
DR L R FS dl D UL,2,14,52,8,3,18,4
DR L R FS dl UL D,2,14,52,8,3,17,4
DR L R FS UL dl D,2,14,52,8,3,17,4
DR R D dl FS UL L,2,14,52,8,3,13,3
DR R D dl UL FS L,2,14,52,8,3,13,3
DR R D FS dl UL L,2,14,52,8,3,11,3
DR R dl D FS UL L,2,14,52,8,3,11,3
DR R dl D UL FS L,2,14,52,8,3,13,3
DR R dl FS D L UL,2,14,52,8,3,10,3
DR R dl FS L D UL,2,14,52,8,3,12,3
DR R dl FS L UL D,2,14,52,8,3,11,3
DR R dl L FS D UL,2,14,52,8,3,12,3
DR R dl L FS UL D,2,14,52,8,3,13,3
DR R dl L UL FS D,2,14,52,8,3,11,3
DR R dl UL D FS L,2,14,52,8,3,11,3
DR R dl UL L FS D,2,14,52,8,3,9,2
DR R FS D dl L UL,2,14,52,8,3,12,3
DR R FS D L dl UL,2,14,52,8,3,12,3
DR R FS dl D L UL,2,14,52,8,3,12,3
DR R FS dl L D UL,2,14,52,8,3,14,3
DR R FS dl L UL D,2,14,52,8,3,13,3
DR R FS L D dl UL,2,14,52,8,3,12,3
DR R FS L dl D UL,2,14,52,8,3,14,3
DR R FS L dl UL D,2,14,52,8,3,13,3
DR R FS L UL dl D,2,14,52,8,3,11,3
DR R L dl FS D UL,2,14,52,8,3,16,4
DR R L dl FS UL D,2,14,52,8,3,17,4
DR R L dl UL FS D,2,14,52,8,3,15,4
DR R L FS D dl UL,2,14,52,8,3,14,4
DR R L FS dl D UL,2,14,52,8,3,16,4
DR R L FS dl UL D,2,14,52,8,3,15,4
DR R L FS UL dl D,2,14,52,8,3,15,4
FS D dl DR L R UL,2,14,52,8,3,17,4
FS D dl DR L UL R,2,14,52,8,3,14,3
FS D dl DR R L UL,2,14,52,8,3,13,4
FS D dl L DR R UL,2,14,52,8,3,15,3
FS D dl L DR UL R,2,14,52,8,3,16,3
FS D DR dl L R UL,2,14,52,8,3,15,4
FS D DR dl L UL R,2,14,52,8,3,12,3
FS D DR dl R L UL,2,14,52,8,3,11,4
FS D DR L dl R UL,2,14,52,8,3,13,3
FS D DR L dl UL R,2,14,52,8,3,14,3
FS D DR L R dl UL,2,14,52,8,3,13,4
FS D DR L UL dl R,2,14,52,8,3,10,3
FS D DR R dl L UL,2,14,52,8,3,9,3
FS D DR R L dl UL,2,14,52,8,3,13,4
FS D L dl DR R UL,2,14,52,8,3,13,3
FS D L dl DR UL R,2,14,52,8,3,14,3
FS D L DR dl R UL,2,14,52,8,3,13,3
FS D L DR dl UL R,2,14,52,8,3,14,3
FS D L DR R dl UL,2,14,52,8,3,11,3
FS D L DR UL dl R,2,14,52,8,3,12,3
FS dl D DR L R UL,2,14,52,8,3,17,4
FS dl D DR L UL R,2,14,52,8,3,14,3
FS dl D DR R L UL,2,14,52,8,3,13,4
FS dl D L DR R UL,2,14,52,8,3,15,3
FS dl D L DR UL R,2,14,52,8,3,16,3
FS dl DR D L R UL,2,14,52,8,3,15,4
FS dl DR D L UL R,2,14,52,8,3,12,3
FS dl DR D R L UL,2,14,52,8,3,13,4
FS dl DR L D R UL,2,14,52,8,3,15,3
FS dl DR L D UL R,2,14,52,8,3,16,3
FS dl DR L R D UL,2,14,52,8,3,17,4
FS dl DR L R UL D,2,14,52,8,3,18,4
FS dl DR R D L UL,2,14,52,8,3,11,3
FS dl DR R L D UL,2,14,52,8,3,15,4
FS dl DR R L UL D,2,14,52,8,3,14,4
FS dl L D DR R UL,2,14,52,8,3,13,3
FS dl L D DR UL R,2,14,52,8,3,14,3
FS dl L DR D R UL,2,14,52,8,3,15,3
FS dl L DR D UL R,2,14,52,8,3,16,3
FS dl L DR R D UL,2,14,52,8,3,15,3
FS dl L DR R UL D,2,14,52,8,3,16,3
FS dl L R DR D UL,2,14,52,8,3,15,4
FS dl L R DR UL D,2,14,52,8,3,16,4
FS dl R DR D L UL,2,14,52,8,3,9,3
FS dl R DR L D UL,2,14,52,8,3,13,3
FS dl R DR L UL D,2,14,52,8,3,12,3
FS dl R L DR D UL,2,14,52,8,3,15,4
FS dl R L DR UL D,2,14,52,8,3,16,4
FS DR D dl L R UL,2,14,52,8,3,17,4
FS DR D dl L UL R,2,14,52,8,3,14,3
FS DR D dl R L UL,2,14,52,8,3,13,4
FS DR D L dl R UL,2,14,52,8,3,13,3
FS DR D L dl UL R,2,14,52,8,3,14,3
FS DR D L R dl UL,2,14,52,8,3,13,4
FS DR D L UL dl R,2,14,52,8,3,10,3
FS DR D R dl L UL,2,14,52,8,3,11,3
FS DR D R L dl UL,2,14,52,8,3,15,4
FS DR dl D L R UL,2,14,52,8,3,17,4
FS DR dl D L UL R,2,14,52,8,3,14,3
FS DR dl D R L UL,2,14,52,8,3,15,4
FS DR dl L D R UL,2,14,52,8,3,15,3
FS DR dl L D UL R,2,14,52,8,3,16,3
FS DR dl L R D UL,2,14,52,8,3,17,4
FS DR dl L R UL D,2,14,52,8,3,18,4
FS DR dl R D L UL,2,14,52,8,3,11,3
FS DR dl R L D UL,2,14,52,8,3,15,4
FS DR dl R L UL D,2,14,52,8,3,14,4
FS DR L D dl R UL,2,14,52,8,3,15,3
FS DR L D dl UL R,2,14,52,8,3,16,3
FS DR L D R dl UL,2,14,52,8,3,13,3
FS DR L D UL dl R,2,14,52,8,3,14,3
FS DR L dl D R UL,2,14,52,8,3,17,3
FS DR L dl D UL R,2,14,52,8,3,18,3
FS DR L dl R D UL,2,14,52,8,3,15,3
FS DR L dl R UL D,2,14,52,8,3,16,3
FS DR L R D dl UL,2,14,52,8,3,17,4
FS DR L R dl D UL,2,14,52,8,3,17,4
FS DR L R dl UL D,2,14,52,8,3,16,4
FS DR L R UL dl D,2,14,52,8,3,18,4
FS DR L UL R dl D,2,14,52,8,3,14,3
FS DR R D dl L UL,2,14,52,8,3,13,3
FS DR R D L dl UL,2,14,52,8,3,13,3
FS DR R dl D L UL,2,14,52,8,3,11,3
FS DR R dl L D UL,2,14,52,8,3,13,3
FS DR R dl L UL D,2,14,52,8,3,12,3
FS DR R L D dl UL,2,14,52,8,3,15,4
FS DR R L dl D UL,2,14,52,8,3,17,4
FS DR R L dl UL D,2,14,52,8,3,16,4
FS DR R L UL dl D,2,14,52,8,3,14,4
FS L D dl DR R UL,2,14,52,8,3,13,3
FS L D dl DR UL R,2,14,52,8,3,14,3
FS L D DR dl R UL,2,14,52,8,3,11,3
FS L D DR dl UL R,2,14,52,8,3,12,3
FS L D DR R dl UL,2,14,52,8,3,9,2
FS L D DR UL dl R,2,14,52,8,3,10,2
FS L dl D DR R UL,2,14,52,8,3,13,3
FS L dl D DR UL R,2,14,52,8,3,14,3
FS L dl DR D R UL,2,14,52,8,3,13,3
FS L dl DR D UL R,2,14,52,8,3,14,3
FS L dl DR R D UL,2,14,52,8,3,13,3
FS L dl DR R UL D,2,14,52,8,3,14,3
FS L dl R DR D UL,2,14,52,8,3,11,3
FS L dl R DR UL D,2,14,52,8,3,12,3
FS L DR D dl R UL,2,14,52,8,3,13,3
FS L DR D dl UL R,2,14,52,8,3,14,3
FS L DR D R dl UL,2,14,52,8,3,11,3
FS L DR D UL dl R,2,14,52,8,3,12,3
FS L DR dl D R UL,2,14,52,8,3,15,3
FS L DR dl D UL R,2,14,52,8,3,16,3
FS L DR dl R D UL,2,14,52,8,3,13,3
FS L DR dl R UL D,2,14,52,8,3,14,3
FS L DR R D dl UL,2,14,52,8,3,13,3
FS L DR R dl D UL,2,14,52,8,3,13,3
FS L DR R dl UL D,2,14,52,8,3,12,3
FS L DR R UL dl D,2,14,52,8,3,14,3
FS L DR UL R dl D,2,14,52,8,3,14,3
FS L R dl DR D UL,2,14,52,8,3,13,4
FS L R dl DR UL D,2,14,52,8,3,14,4
FS L R DR D dl UL,2,14,52,8,3,13,4
FS L R DR dl D UL,2,14,52,8,3,15,4
FS L R DR dl UL D,2,14,52,8,3,14,4
FS L R DR UL dl D,2,14,52,8,3,14,4
FS L R UL DR dl D,2,14,52,8,3,16,4
FS L UL DR R dl D,2,14,52,8,3,10,3
FS L UL R DR dl D,2,14,52,8,3,12,3
FS R dl DR D L UL,2,14,52,8,3,9,2
FS R dl DR L D UL,2,14,52,8,3,13,3
FS R dl DR L UL D,2,14,52,8,3,12,3
FS R dl L DR D UL,2,14,52,8,3,13,3
FS R dl L DR UL D,2,14,52,8,3,14,3
FS R DR D dl L UL,2,14,52,8,3,11,3
FS R DR D L dl UL,2,14,52,8,3,11,3
FS R DR dl D L UL,2,14,52,8,3,11,3
FS R DR dl L D UL,2,14,52,8,3,13,3
FS R DR dl L UL D,2,14,52,8,3,12,3
FS R DR L D dl UL,2,14,52,8,3,13,3
FS R DR L dl D UL,2,14,52,8,3,15,3
FS R DR L dl UL D,2,14,52,8,3,14,3
FS R DR L UL dl D,2,14,52,8,3,12,3
FS R L dl DR D UL,2,14,52,8,3,15,4
FS R L dl DR UL D,2,14,52,8,3,16,4
FS R L DR D dl UL,2,14,52,8,3,15,4
FS R L DR dl D UL,2,14,52,8,3,17,4
FS R L DR dl UL D,2,14,52,8,3,16,4
FS R L DR UL dl D,2,14,52,8,3,16,4
FS R L UL DR dl D,2,14,52,8,3,14,4
L D dl DR FS R UL,2,14,52,8,3,15,3
L D dl DR FS UL R,2,14,52,8,3,16,3
L D dl DR UL FS R,2,14,52,8,3,14,3
L D dl FS DR R UL,2,14,52,8,3,15,3
L D dl FS DR UL R,2,14,52,8,3,16,3
L D DR dl FS R UL,2,14,52,8,3,13,3
L D DR dl FS UL R,2,14,52,8,3,14,3
L D DR dl UL FS R,2,14,52,8,3,12,3
L D DR FS dl R UL,2,14,52,8,3,13,3
L D DR FS dl UL R,2,14,52,8,3,14,3
L D DR FS R dl UL,2,14,52,8,3,11,3
L D DR FS UL dl R,2,14,52,8,3,12,3
L D DR UL dl FS R,2,14,52,8,3,12,3
L D DR UL FS dl R,2,14,52,8,3,12,3
L D FS dl DR R UL,2,14,52,8,3,13,3
L D FS dl DR UL R,2,14,52,8,3,14,3
L D FS DR dl R UL,2,14,52,8,3,13,3
L D FS DR dl UL R,2,14,52,8,3,14,3
L D FS DR R dl UL,2,14,52,8,3,11,3
L D FS DR UL dl R,2,14,52,8,3,12,3
L dl D DR FS R UL,2,14,52,8,3,15,3
L dl D DR FS UL R,2,14,52,8,3,16,3
L dl D DR UL FS R,2,14,52,8,3,14,3
L dl D FS DR R UL,2,14,52,8,3,15,3
L dl D FS DR UL R,2,14,52,8,3,16,3
L dl DR D FS R UL,2,14,52,8,3,13,3
L dl DR D FS UL R,2,14,52,8,3,14,3
L dl DR D UL FS R,2,14,52,8,3,14,3
L dl DR FS D R UL,2,14,52,8,3,15,3
L dl DR FS D UL R,2,14,52,8,3,16,3
L dl DR FS R D UL,2,14,52,8,3,15,3
L dl DR FS R UL D,2,14,52,8,3,16,3
L dl DR R FS D UL,2,14,52,8,3,13,3
L dl DR R FS UL D,2,14,52,8,3,14,3
L dl DR R UL FS D,2,14,52,8,3,14,3
L dl FS D DR R UL,2,14,52,8,3,13,3
L dl FS D DR UL R,2,14,52,8,3,14,3
L dl FS DR D R UL,2,14,52,8,3,15,3
L dl FS DR D UL R,2,14,52,8,3,16,3
L dl FS DR R D UL,2,14,52,8,3,15,3
L dl FS DR R UL D,2,14,52,8,3,16,3
L dl FS R DR D UL,2,14,52,8,3,13,3
L dl FS R DR UL D,2,14,52,8,3,14,3
L dl R DR FS D UL,2,14,52,8,3,13,3
L dl R DR FS UL D,2,14,52,8,3,14,3
L dl R DR UL FS D,2,14,52,8,3,12,3
L dl R FS DR D UL,2,14,52,8,3,13,3
L dl R FS DR UL D,2,14,52,8,3,14,3
L DR D dl FS R UL,2,14,52,8,3,15,3
L DR D dl FS UL R,2,14,52,8,3,16,3
L DR D dl UL FS R,2,14,52,8,3,14,3
L DR D FS dl R UL,2,14,52,8,3,13,3
L DR D FS dl UL R,2,14,52,8,3,14,3
L DR D FS R dl UL,2,14,52,8,3,11,3
L DR D FS UL dl R,2,14,52,8,3,12,3
L DR D UL dl FS R,2,14,52,8,3,14,3
L DR D UL FS dl R,2,14,52,8,3,14,3
L DR dl D FS R UL,2,14,52,8,3,15,3
L DR dl D FS UL R,2,14,52,8,3,16,3
L DR dl D UL FS R,2,14,52,8,3,16,3
L DR dl FS D R UL,2,14,52,8,3,15,3
L DR dl FS D UL R,2,14,52,8,3,16,3
L DR dl FS R D UL,2,14,52,8,3,15,3
L DR dl FS R UL D,2,14,52,8,3,16,3
L DR dl R FS D UL,2,14,52,8,3,13,3
L DR dl R FS UL D,2,14,52,8,3,14,3
L DR dl R UL FS D,2,14,52,8,3,14,3
L DR FS D dl R UL,2,14,52,8,3,15,3
L DR FS D dl UL R,2,14,52,8,3,16,3
L DR FS D R dl UL,2,14,52,8,3,13,3
L DR FS D UL dl R,2,14,52,8,3,14,3
L DR FS dl D R UL,2,14,52,8,3,17,3
L DR FS dl D UL R,2,14,52,8,3,18,3
L DR FS dl R D UL,2,14,52,8,3,15,3
L DR FS dl R UL D,2,14,52,8,3,16,3
L DR FS R D dl UL,2,14,52,8,3,15,3
L DR FS R dl D UL,2,14,52,8,3,15,3
L DR FS R dl UL D,2,14,52,8,3,14,3
L DR FS R UL dl D,2,14,52,8,3,16,3
L DR FS UL R dl D,2,14,52,8,3,16,3
L DR R dl FS D UL,2,14,52,8,3,13,3
L DR R dl FS UL D,2,14,52,8,3,14,3
L DR R dl UL FS D,2,14,52,8,3,12,3
L DR R FS D dl UL,2,14,52,8,3,13,3
L DR R FS dl D UL,2,14,52,8,3,15,3
L DR R FS dl UL D,2,14,52,8,3,14,3
L DR R FS UL dl D,2,14,52,8,3,14,3
L FS D dl DR R UL,2,14,52,8,3,13,3
L FS D dl DR UL R,2,14,52,8,3,14,3
L FS D DR dl R UL,2,14,52,8,3,11,3
L FS D DR dl UL R,2,14,52,8,3,12,3
L FS D DR R dl UL,2,14,52,8,3,9,2
L FS D DR UL dl R,2,14,52,8,3,10,2
L FS dl D DR R UL,2,14,52,8,3,13,3
L FS dl D DR UL R,2,14,52,8,3,14,3
L FS dl DR D R UL,2,14,52,8,3,13,3
L FS dl DR D UL R,2,14,52,8,3,14,3
L FS dl DR R D UL,2,14,52,8,3,13,3
L FS dl DR R UL D,2,14,52,8,3,14,3
L FS dl R DR D UL,2,14,52,8,3,11,3
L FS dl R DR UL D,2,14,52,8,3,12,3
L FS DR D dl R UL,2,14,52,8,3,13,3
L FS DR D dl UL R,2,14,52,8,3,14,3
L FS DR D R dl UL,2,14,52,8,3,11,3
L FS DR D UL dl R,2,14,52,8,3,12,3
L FS DR dl D R UL,2,14,52,8,3,15,3
L FS DR dl D UL R,2,14,52,8,3,16,3
L FS DR dl R D UL,2,14,52,8,3,13,3
L FS DR dl R UL D,2,14,52,8,3,14,3
L FS DR R D dl UL,2,14,52,8,3,13,3
L FS DR R dl D UL,2,14,52,8,3,13,3
L FS DR R dl UL D,2,14,52,8,3,12,3
L FS DR R UL dl D,2,14,52,8,3,14,3
L FS DR UL R dl D,2,14,52,8,3,14,3
L FS R dl DR D UL,2,14,52,8,3,11,3
L FS R dl DR UL D,2,14,52,8,3,12,3
L FS R DR D dl UL,2,14,52,8,3,11,3
L FS R DR dl D UL,2,14,52,8,3,13,3
L FS R DR dl UL D,2,14,52,8,3,12,3
L FS R DR UL dl D,2,14,52,8,3,12,3
L FS R UL DR dl D,2,14,52,8,3,14,3
L FS UL DR R dl D,2,14,52,8,3,12,3
L FS UL R DR dl D,2,14,52,8,3,14,3
L R dl DR FS D UL,2,14,52,8,3,15,4
L R dl DR FS UL D,2,14,52,8,3,16,4
L R dl DR UL FS D,2,14,52,8,3,14,4
L R dl FS DR D UL,2,14,52,8,3,15,4
L R dl FS DR UL D,2,14,52,8,3,16,4
L R DR dl FS D UL,2,14,52,8,3,15,4
L R DR dl FS UL D,2,14,52,8,3,16,4
L R DR dl UL FS D,2,14,52,8,3,14,4
L R DR FS D dl UL,2,14,52,8,3,15,4
L R DR FS dl D UL,2,14,52,8,3,17,4
L R DR FS dl UL D,2,14,52,8,3,16,4
L R DR FS UL dl D,2,14,52,8,3,16,4
L R FS dl DR D UL,2,14,52,8,3,15,4
L R FS dl DR UL D,2,14,52,8,3,16,4
L R FS DR D dl UL,2,14,52,8,3,15,4
L R FS DR dl D UL,2,14,52,8,3,17,4
L R FS DR dl UL D,2,14,52,8,3,16,4
L R FS DR UL dl D,2,14,52,8,3,16,4
L R FS UL DR dl D,2,14,52,8,3,16,4
R D dl DR FS UL L,2,14,52,8,3,14,3
R D dl DR UL FS L,2,14,52,8,3,14,3
R D DR dl FS UL L,2,14,52,8,3,12,3
R D DR dl UL FS L,2,14,52,8,3,12,3
R D DR FS dl UL L,2,14,52,8,3,12,3
R dl D DR FS UL L,2,14,52,8,3,12,3
R dl D DR UL FS L,2,14,52,8,3,12,3
R dl DR D FS UL L,2,14,52,8,3,10,3
R dl DR D UL FS L,2,14,52,8,3,12,3
R dl DR FS D L UL,2,14,52,8,3,11,3
R dl DR FS L D UL,2,14,52,8,3,13,3
R dl DR FS L UL D,2,14,52,8,3,12,3
R dl DR L FS D UL,2,14,52,8,3,13,3
R dl DR L FS UL D,2,14,52,8,3,14,3
R dl DR L UL FS D,2,14,52,8,3,12,3
R dl DR UL D FS L,2,14,52,8,3,12,3
R dl DR UL L FS D,2,14,52,8,3,10,2
R dl FS DR D L UL,2,14,52,8,3,11,3
R dl FS DR L D UL,2,14,52,8,3,15,3
R dl FS DR L UL D,2,14,52,8,3,14,3
R dl FS L DR D UL,2,14,52,8,3,13,3
R dl FS L DR UL D,2,14,52,8,3,14,3
R dl L DR FS D UL,2,14,52,8,3,15,3
R dl L DR FS UL D,2,14,52,8,3,16,3
R dl L DR UL FS D,2,14,52,8,3,14,3
R dl L FS DR D UL,2,14,52,8,3,13,3
R dl L FS DR UL D,2,14,52,8,3,14,3
R DR D dl FS UL L,2,14,52,8,3,12,3
R DR D dl UL FS L,2,14,52,8,3,12,3
R DR D FS dl UL L,2,14,52,8,3,10,3
R DR dl D FS UL L,2,14,52,8,3,12,3
R DR dl D UL FS L,2,14,52,8,3,14,3
R DR dl FS D L UL,2,14,52,8,3,11,3
R DR dl FS L D UL,2,14,52,8,3,13,3
R DR dl FS L UL D,2,14,52,8,3,12,3
R DR dl L FS D UL,2,14,52,8,3,13,3
R DR dl L FS UL D,2,14,52,8,3,14,3
R DR dl L UL FS D,2,14,52,8,3,12,3
R DR dl UL D FS L,2,14,52,8,3,12,3
R DR dl UL L FS D,2,14,52,8,3,10,2
R DR FS D dl L UL,2,14,52,8,3,13,3
R DR FS D L dl UL,2,14,52,8,3,13,3
R DR FS dl D L UL,2,14,52,8,3,13,3
R DR FS dl L D UL,2,14,52,8,3,15,3
R DR FS dl L UL D,2,14,52,8,3,14,3
R DR FS L D dl UL,2,14,52,8,3,13,3
R DR FS L dl D UL,2,14,52,8,3,15,3
R DR FS L dl UL D,2,14,52,8,3,14,3
R DR FS L UL dl D,2,14,52,8,3,12,3
R DR L dl FS D UL,2,14,52,8,3,15,3
R DR L dl FS UL D,2,14,52,8,3,16,3
R DR L dl UL FS D,2,14,52,8,3,14,3
R DR L FS D dl UL,2,14,52,8,3,13,3
R DR L FS dl D UL,2,14,52,8,3,15,3
R DR L FS dl UL D,2,14,52,8,3,14,3
R DR L FS UL dl D,2,14,52,8,3,14,3
R FS dl DR D L UL,2,14,52,8,3,11,3
R FS dl DR L D UL,2,14,52,8,3,15,3
R FS dl DR L UL D,2,14,52,8,3,14,3
R FS dl L DR D UL,2,14,52,8,3,15,3
R FS dl L DR UL D,2,14,52,8,3,16,3
R FS DR D dl L UL,2,14,52,8,3,13,3
R FS DR D L dl UL,2,14,52,8,3,13,3
R FS DR dl D L UL,2,14,52,8,3,13,3
R FS DR dl L D UL,2,14,52,8,3,15,3
R FS DR dl L UL D,2,14,52,8,3,14,3
R FS DR L D dl UL,2,14,52,8,3,15,3
R FS DR L dl D UL,2,14,52,8,3,17,3
R FS DR L dl UL D,2,14,52,8,3,16,3
R FS DR L UL dl D,2,14,52,8,3,14,3
R FS L dl DR D UL,2,14,52,8,3,13,3
R FS L dl DR UL D,2,14,52,8,3,14,3
R FS L DR D dl UL,2,14,52,8,3,13,3
R FS L DR dl D UL,2,14,52,8,3,15,3
R FS L DR dl UL D,2,14,52,8,3,14,3
R FS L DR UL dl D,2,14,52,8,3,14,3
R FS L UL DR dl D,2,14,52,8,3,12,3
R L dl DR FS D UL,2,14,52,8,3,17,4
R L dl DR FS UL D,2,14,52,8,3,18,4
R L dl DR UL FS D,2,14,52,8,3,16,4
R L dl FS DR D UL,2,14,52,8,3,17,4
R L dl FS DR UL D,2,14,52,8,3,18,4
R L DR dl FS D UL,2,14,52,8,3,17,4
R L DR dl FS UL D,2,14,52,8,3,18,4
R L DR dl UL FS D,2,14,52,8,3,16,4
R L DR FS D dl UL,2,14,52,8,3,17,4
R L DR FS dl D UL,2,14,52,8,3,19,4
R L DR FS dl UL D,2,14,52,8,3,18,4
R L DR FS UL dl D,2,14,52,8,3,18,4
R L FS dl DR D UL,2,14,52,8,3,15,4
R L FS dl DR UL D,2,14,52,8,3,16,4
R L FS DR D dl UL,2,14,52,8,3,15,4
R L FS DR dl D UL,2,14,52,8,3,17,4
R L FS DR dl UL D,2,14,52,8,3,16,4
R L FS DR UL dl D,2,14,52,8,3,16,4
R L FS UL DR dl D,2,14,52,8,3,16,4
D DR R FS UL L dl,2,14,53,7,3,11,3
D DR R UL FS L dl,2,14,53,7,3,13,3
D DR R UL L FS dl,2,14,53,7,3,11,3
D DR UL L R FS dl,2,14,53,7,3,13,4
D DR UL R FS L dl,2,14,53,7,3,13,3
D DR UL R L FS dl,2,14,53,7,3,15,4
D R DR FS UL L dl,2,14,53,7,3,13,3
D R DR UL FS L dl,2,14,53,7,3,13,3
D R DR UL L FS dl,2,14,53,7,3,11,3
D R UL DR FS L dl,2,14,53,7,3,15,3
D R UL DR L FS dl,2,14,53,7,3,15,3
D UL DR L R FS dl,2,14,53,7,3,17,4
D UL DR R FS L dl,2,14,53,7,3,13,3
D UL DR R L FS dl,2,14,53,7,3,15,4
D UL R DR FS L dl,2,14,53,7,3,15,3
D UL R DR L FS dl,2,14,53,7,3,15,3
DR D R FS UL L dl,2,14,53,7,3,12,3
DR D R UL FS L dl,2,14,53,7,3,14,3
DR D R UL L FS dl,2,14,53,7,3,12,3
DR D UL L R FS dl,2,14,53,7,3,14,4
DR D UL R FS L dl,2,14,53,7,3,14,3
DR D UL R L FS dl,2,14,53,7,3,16,4
DR L R UL D FS dl,2,14,53,7,3,18,4
DR L R UL FS D dl,2,14,53,7,3,18,4
DR L UL D R FS dl,2,14,53,7,3,14,3
DR L UL FS R D dl,2,14,53,7,3,14,3
DR L UL R D FS dl,2,14,53,7,3,14,3
DR L UL R FS D dl,2,14,53,7,3,14,3
DR R D FS UL L dl,2,14,53,7,3,12,3
DR R D UL FS L dl,2,14,53,7,3,14,3
DR R D UL L FS dl,2,14,53,7,3,12,3
DR R L UL D FS dl,2,14,53,7,3,14,4
DR R L UL FS D dl,2,14,53,7,3,14,4
DR R UL D FS L dl,2,14,53,7,3,14,3
DR R UL D L FS dl,2,14,53,7,3,14,3
DR R UL L D FS dl,2,14,53,7,3,12,3
DR R UL L FS D dl,2,14,53,7,3,12,3
DR UL D L R FS dl,2,14,53,7,3,16,4
DR UL D R FS L dl,2,14,53,7,3,14,3
DR UL D R L FS dl,2,14,53,7,3,16,4
DR UL L D R FS dl,2,14,53,7,3,12,3
DR UL L FS R D dl,2,14,53,7,3,12,3
DR UL L R D FS dl,2,14,53,7,3,14,4
DR UL L R FS D dl,2,14,53,7,3,14,4
DR UL R D FS L dl,2,14,53,7,3,14,3
DR UL R D L FS dl,2,14,53,7,3,14,3
DR UL R L D FS dl,2,14,53,7,3,16,4
DR UL R L FS D dl,2,14,53,7,3,16,4
L DR R UL D FS dl,2,14,53,7,3,15,3
L DR R UL FS D dl,2,14,53,7,3,15,3
L DR UL D R FS dl,2,14,53,7,3,15,3
L DR UL FS R D dl,2,14,53,7,3,15,3
L DR UL R D FS dl,2,14,53,7,3,15,3
L DR UL R FS D dl,2,14,53,7,3,15,3
L R DR UL D FS dl,2,14,53,7,3,15,4
L R DR UL FS D dl,2,14,53,7,3,15,4
L R UL DR D FS dl,2,14,53,7,3,15,4
L R UL DR FS D dl,2,14,53,7,3,17,4
L R UL FS DR D dl,2,14,53,7,3,17,4
L UL DR D R FS dl,2,14,53,7,3,11,3
L UL DR FS R D dl,2,14,53,7,3,13,3
L UL DR R D FS dl,2,14,53,7,3,11,3
L UL DR R FS D dl,2,14,53,7,3,11,3
L UL FS DR R D dl,2,14,53,7,3,13,3
L UL FS R DR D dl,2,14,53,7,3,11,3
L UL R DR D FS dl,2,14,53,7,3,11,3
L UL R DR FS D dl,2,14,53,7,3,13,3
L UL R FS DR D dl,2,14,53,7,3,13,3
R D DR FS UL L dl,2,14,53,7,3,13,3
R D DR UL FS L dl,2,14,53,7,3,13,3
R D DR UL L FS dl,2,14,53,7,3,11,3
R D UL DR FS L dl,2,14,53,7,3,15,3
R D UL DR L FS dl,2,14,53,7,3,15,3
R DR D FS UL L dl,2,14,53,7,3,11,3
R DR D UL FS L dl,2,14,53,7,3,13,3
R DR D UL L FS dl,2,14,53,7,3,11,3
R DR L UL D FS dl,2,14,53,7,3,13,3
R DR L UL FS D dl,2,14,53,7,3,13,3
R DR UL D FS L dl,2,14,53,7,3,13,3
R DR UL D L FS dl,2,14,53,7,3,13,3
R DR UL L D FS dl,2,14,53,7,3,11,3
R DR UL L FS D dl,2,14,53,7,3,11,3
R L DR UL D FS dl,2,14,53,7,3,17,4
R L DR UL FS D dl,2,14,53,7,3,17,4
R L UL DR D FS dl,2,14,53,7,3,13,4
R L UL DR FS D dl,2,14,53,7,3,15,4
R L UL FS DR D dl,2,14,53,7,3,15,4
R UL D DR FS L dl,2,14,53,7,3,15,3
R UL D DR L FS dl,2,14,53,7,3,15,3
R UL DR D FS L dl,2,14,53,7,3,13,3
R UL DR D L FS dl,2,14,53,7,3,13,3
R UL DR L D FS dl,2,14,53,7,3,15,3
R UL DR L FS D dl,2,14,53,7,3,15,3
R UL L DR D FS dl,2,14,53,7,3,13,3
R UL L DR FS D dl,2,14,53,7,3,15,3
R UL L FS DR D dl,2,14,53,7,3,13,3
UL D DR L R FS dl,2,14,53,7,3,16,4
UL D DR R FS L dl,2,14,53,7,3,12,3
UL D DR R L FS dl,2,14,53,7,3,14,4
UL D R DR FS L dl,2,14,53,7,3,14,3
UL D R DR L FS dl,2,14,53,7,3,14,3
UL DR D L R FS dl,2,14,53,7,3,14,4
UL DR D R FS L dl,2,14,53,7,3,12,3
UL DR D R L FS dl,2,14,53,7,3,14,4
UL DR L D R FS dl,2,14,53,7,3,14,3
UL DR L FS R D dl,2,14,53,7,3,14,3
UL DR L R D FS dl,2,14,53,7,3,16,4
UL DR L R FS D dl,2,14,53,7,3,16,4
UL DR R D FS L dl,2,14,53,7,3,12,3
UL DR R D L FS dl,2,14,53,7,3,12,3
UL DR R L D FS dl,2,14,53,7,3,14,4
UL DR R L FS D dl,2,14,53,7,3,14,4
UL L DR D R FS dl,2,14,53,7,3,12,3
UL L DR FS R D dl,2,14,53,7,3,14,3
UL L DR R D FS dl,2,14,53,7,3,12,3
UL L DR R FS D dl,2,14,53,7,3,12,3
UL L FS DR R D dl,2,14,53,7,3,12,3
UL L FS R DR D dl,2,14,53,7,3,10,3
UL L R DR D FS dl,2,14,53,7,3,12,4
UL L R DR FS D dl,2,14,53,7,3,14,4
UL L R FS DR D dl,2,14,53,7,3,14,4
UL R D DR FS L dl,2,14,53,7,3,14,3
UL R D DR L FS dl,2,14,53,7,3,14,3
UL R DR D FS L dl,2,14,53,7,3,12,3
UL R DR D L FS dl,2,14,53,7,3,12,3
UL R DR L D FS dl,2,14,53,7,3,14,3
UL R DR L FS D dl,2,14,53,7,3,14,3
UL R L DR D FS dl,2,14,53,7,3,16,4
UL R L DR FS D dl,2,14,53,7,3,18,4
UL R L FS DR D dl,2,14,53,7,3,16,4
D dl DR L R FS UL,2,14,54,9,3,17,4
D dl DR R FS L UL,2,14,54,9,3,11,3
D dl DR R L FS UL,2,14,54,9,3,15,4
D dl L DR R FS UL,2,14,54,9,3,15,3
D dl L R DR FS UL,2,14,54,9,3,17,4
D dl R DR FS L UL,2,14,54,9,3,11,3
D dl R DR L FS UL,2,14,54,9,3,13,3
D dl R L DR FS UL,2,14,54,9,3,17,4
D DR dl L R FS UL,2,14,54,9,3,15,4
D DR dl R FS L UL,2,14,54,9,3,9,2
D DR dl R L FS UL,2,14,54,9,3,13,4
D DR L dl R FS UL,2,14,54,9,3,13,3
D DR L R dl FS UL,2,14,54,9,3,15,4
D DR L R FS dl UL,2,14,54,9,3,15,4
D DR R dl FS L UL,2,14,54,9,3,9,3
D DR R dl L FS UL,2,14,54,9,3,11,3
D DR R FS dl L UL,2,14,54,9,3,11,3
D DR R FS L dl UL,2,14,54,9,3,11,3
D DR R L dl FS UL,2,14,54,9,3,15,4
D DR R L FS dl UL,2,14,54,9,3,13,4
D L dl DR R FS UL,2,14,54,9,3,13,3
D L dl R DR FS UL,2,14,54,9,3,13,3
D L DR dl R FS UL,2,14,54,9,3,13,3
D L DR R dl FS UL,2,14,54,9,3,13,3
D L DR R FS dl UL,2,14,54,9,3,13,3
D L R dl DR FS UL,2,14,54,9,3,15,4
D L R DR dl FS UL,2,14,54,9,3,15,4
D L R DR FS dl UL,2,14,54,9,3,15,4
D R dl DR FS L UL,2,14,54,9,3,11,3
D R dl DR L FS UL,2,14,54,9,3,13,3
D R dl L DR FS UL,2,14,54,9,3,15,3
D R DR dl FS L UL,2,14,54,9,3,11,3
D R DR dl L FS UL,2,14,54,9,3,13,3
D R DR FS dl L UL,2,14,54,9,3,13,3
D R DR FS L dl UL,2,14,54,9,3,13,3
D R DR L dl FS UL,2,14,54,9,3,15,3
D R DR L FS dl UL,2,14,54,9,3,13,3
D R L dl DR FS UL,2,14,54,9,3,17,4
D R L DR dl FS UL,2,14,54,9,3,17,4
D R L DR FS dl UL,2,14,54,9,3,17,4
dl D DR L R FS UL,2,14,54,9,3,16,4
dl D DR R FS L UL,2,14,54,9,3,10,3
dl D DR R L FS UL,2,14,54,9,3,14,4
dl D L DR R FS UL,2,14,54,9,3,14,3
dl D L R DR FS UL,2,14,54,9,3,16,4
dl D R DR FS L UL,2,14,54,9,3,12,3
dl D R DR L FS UL,2,14,54,9,3,14,3
dl D R L DR FS UL,2,14,54,9,3,18,4
dl DR D L R FS UL,2,14,54,9,3,14,4
dl DR D R FS L UL,2,14,54,9,3,10,2
dl DR D R L FS UL,2,14,54,9,3,14,4
dl DR L D R FS UL,2,14,54,9,3,14,3
dl DR L R D FS UL,2,14,54,9,3,16,4
dl DR R D FS L UL,2,14,54,9,3,10,2
dl DR R D L FS UL,2,14,54,9,3,12,3
dl DR R L D FS UL,2,14,54,9,3,14,4
dl L D DR R FS UL,2,14,54,9,3,12,3
dl L D R DR FS UL,2,14,54,9,3,14,3
dl L DR D R FS UL,2,14,54,9,3,14,3
dl L DR R D FS UL,2,14,54,9,3,14,3
dl L R D DR FS UL,2,14,54,9,3,16,4
dl L R DR D FS UL,2,14,54,9,3,14,4
dl R D DR FS L UL,2,14,54,9,3,10,3
dl R D DR L FS UL,2,14,54,9,3,12,3
dl R D L DR FS UL,2,14,54,9,3,14,3
dl R DR D FS L UL,2,14,54,9,3,8,2
dl R DR D L FS UL,2,14,54,9,3,10,3
dl R DR L D FS UL,2,14,54,9,3,12,3
dl R L D DR FS UL,2,14,54,9,3,14,4
dl R L DR D FS UL,2,14,54,9,3,14,4
DR D dl L R FS UL,2,14,54,9,3,16,4
DR D dl R FS L UL,2,14,54,9,3,10,3
DR D dl R L FS UL,2,14,54,9,3,14,4
DR D L dl R FS UL,2,14,54,9,3,12,3
DR D L R dl FS UL,2,14,54,9,3,14,4
DR D L R FS dl UL,2,14,54,9,3,14,4
DR D R dl FS L UL,2,14,54,9,3,10,3
DR D R dl L FS UL,2,14,54,9,3,12,3
DR D R FS dl L UL,2,14,54,9,3,12,3
DR D R FS L dl UL,2,14,54,9,3,12,3
DR D R L dl FS UL,2,14,54,9,3,16,4
DR D R L FS dl UL,2,14,54,9,3,14,4
DR dl D L R FS UL,2,14,54,9,3,16,4
DR dl D R FS L UL,2,14,54,9,3,12,3
DR dl D R L FS UL,2,14,54,9,3,16,4
DR dl L D R FS UL,2,14,54,9,3,14,3
DR dl L R D FS UL,2,14,54,9,3,16,4
DR dl R D FS L UL,2,14,54,9,3,10,2
DR dl R D L FS UL,2,14,54,9,3,12,3
DR dl R L D FS UL,2,14,54,9,3,14,4
DR L D dl R FS UL,2,14,54,9,3,14,3
DR L D R dl FS UL,2,14,54,9,3,14,3
DR L D R FS dl UL,2,14,54,9,3,14,3
DR L dl D R FS UL,2,14,54,9,3,16,3
DR L dl R D FS UL,2,14,54,9,3,14,3
DR L R D dl FS UL,2,14,54,9,3,18,4
DR L R D FS dl UL,2,14,54,9,3,16,4
DR L R dl D FS UL,2,14,54,9,3,16,4
DR R D dl FS L UL,2,14,54,9,3,12,3
DR R D dl L FS UL,2,14,54,9,3,14,3
DR R D FS dl L UL,2,14,54,9,3,12,3
DR R D FS L dl UL,2,14,54,9,3,12,3
DR R D L dl FS UL,2,14,54,9,3,14,3
DR R D L FS dl UL,2,14,54,9,3,12,3
DR R dl D FS L UL,2,14,54,9,3,10,3
DR R dl D L FS UL,2,14,54,9,3,12,3
DR R dl L D FS UL,2,14,54,9,3,12,3
DR R L D dl FS UL,2,14,54,9,3,16,4
DR R L D FS dl UL,2,14,54,9,3,14,4
DR R L dl D FS UL,2,14,54,9,3,16,4
L D dl DR R FS UL,2,14,54,9,3,13,3
L D dl R DR FS UL,2,14,54,9,3,13,3
L D DR dl R FS UL,2,14,54,9,3,11,3
L D DR R dl FS UL,2,14,54,9,3,11,3
L D DR R FS dl UL,2,14,54,9,3,11,3
L D R dl DR FS UL,2,14,54,9,3,13,3
L D R DR dl FS UL,2,14,54,9,3,13,3
L D R DR FS dl UL,2,14,54,9,3,13,3
L dl D DR R FS UL,2,14,54,9,3,13,3
L dl D R DR FS UL,2,14,54,9,3,15,3
L dl DR D R FS UL,2,14,54,9,3,13,3
L dl DR R D FS UL,2,14,54,9,3,13,3
L dl R D DR FS UL,2,14,54,9,3,13,3
L dl R DR D FS UL,2,14,54,9,3,11,3
L DR D dl R FS UL,2,14,54,9,3,13,3
L DR D R dl FS UL,2,14,54,9,3,13,3
L DR D R FS dl UL,2,14,54,9,3,13,3
L DR dl D R FS UL,2,14,54,9,3,15,3
L DR dl R D FS UL,2,14,54,9,3,13,3
L DR R D dl FS UL,2,14,54,9,3,15,3
L DR R D FS dl UL,2,14,54,9,3,13,3
L DR R dl D FS UL,2,14,54,9,3,13,3
L R D dl DR FS UL,2,14,54,9,3,17,4
L R D DR dl FS UL,2,14,54,9,3,15,4
L R D DR FS dl UL,2,14,54,9,3,15,4
L R dl D DR FS UL,2,14,54,9,3,15,4
L R dl DR D FS UL,2,14,54,9,3,13,4
L R DR D dl FS UL,2,14,54,9,3,15,4
L R DR D FS dl UL,2,14,54,9,3,13,4
L R DR dl D FS UL,2,14,54,9,3,15,4
R D dl DR FS L UL,2,14,54,9,3,13,3
R D dl DR L FS UL,2,14,54,9,3,15,3
R D dl L DR FS UL,2,14,54,9,3,17,3
R D DR dl FS L UL,2,14,54,9,3,11,3
R D DR dl L FS UL,2,14,54,9,3,13,3
R D DR FS dl L UL,2,14,54,9,3,13,3
R D DR FS L dl UL,2,14,54,9,3,13,3
R D DR L dl FS UL,2,14,54,9,3,15,3
R D DR L FS dl UL,2,14,54,9,3,13,3
R D L dl DR FS UL,2,14,54,9,3,15,3
R D L DR dl FS UL,2,14,54,9,3,15,3
R D L DR FS dl UL,2,14,54,9,3,15,3
R dl D DR FS L UL,2,14,54,9,3,11,3
R dl D DR L FS UL,2,14,54,9,3,13,3
R dl D L DR FS UL,2,14,54,9,3,15,3
R dl DR D FS L UL,2,14,54,9,3,9,2
R dl DR D L FS UL,2,14,54,9,3,11,3
R dl DR L D FS UL,2,14,54,9,3,13,3
R dl L D DR FS UL,2,14,54,9,3,13,3
R dl L DR D FS UL,2,14,54,9,3,13,3
R DR D dl FS L UL,2,14,54,9,3,11,3
R DR D dl L FS UL,2,14,54,9,3,13,3
R DR D FS dl L UL,2,14,54,9,3,11,3
R DR D FS L dl UL,2,14,54,9,3,11,3
R DR D L dl FS UL,2,14,54,9,3,13,3
R DR D L FS dl UL,2,14,54,9,3,11,3
R DR dl D FS L UL,2,14,54,9,3,11,3
R DR dl D L FS UL,2,14,54,9,3,13,3
R DR dl L D FS UL,2,14,54,9,3,13,3
R DR L D dl FS UL,2,14,54,9,3,15,3
R DR L D FS dl UL,2,14,54,9,3,13,3
R DR L dl D FS UL,2,14,54,9,3,15,3
R L D dl DR FS UL,2,14,54,9,3,17,4
R L D DR dl FS UL,2,14,54,9,3,15,4
R L D DR FS dl UL,2,14,54,9,3,15,4
R L dl D DR FS UL,2,14,54,9,3,17,4
R L dl DR D FS UL,2,14,54,9,3,15,4
R L DR D dl FS UL,2,14,54,9,3,17,4
R L DR D FS dl UL,2,14,54,9,3,15,4
R L DR dl D FS UL,2,14,54,9,3,17,4
D dl FS UL L DR R,2,14,55,7,3,14,3
D dl UL FS L DR R,2,14,55,7,3,14,3
D FS dl UL L DR R,2,14,55,7,3,12,3
D FS UL dl L DR R,2,14,55,7,3,14,3
D FS UL L dl DR R,2,14,55,7,3,12,3
D FS UL L DR dl R,2,14,55,7,3,12,3
D UL dl FS L DR R,2,14,55,7,3,14,3
D UL FS dl L DR R,2,14,55,7,3,16,3
D UL FS L dl DR R,2,14,55,7,3,14,3
D UL FS L DR dl R,2,14,55,7,3,14,3
dl D FS UL L DR R,2,14,55,7,3,13,3
dl D UL FS L DR R,2,14,55,7,3,15,3
dl FS D UL L DR R,2,14,55,7,3,13,3
dl FS R UL DR D L,2,14,55,7,3,13,3
dl FS R UL DR L D,2,14,55,7,3,15,3
dl FS R UL L DR D,2,14,55,7,3,13,3
dl FS UL D L DR R,2,14,55,7,3,15,3
dl FS UL L D DR R,2,14,55,7,3,11,3
dl FS UL L R DR D,2,14,55,7,3,13,4
dl FS UL R DR D L,2,14,55,7,3,13,3
dl FS UL R DR L D,2,14,55,7,3,15,3
dl FS UL R L DR D,2,14,55,7,3,17,4
dl R FS UL DR D L,2,14,55,7,3,11,3
dl R FS UL DR L D,2,14,55,7,3,13,3
dl R FS UL L DR D,2,14,55,7,3,11,3
dl R UL DR FS D L,2,14,55,7,3,13,3
dl R UL DR FS L D,2,14,55,7,3,13,3
dl R UL FS DR D L,2,14,55,7,3,13,3
dl R UL FS DR L D,2,14,55,7,3,15,3
dl R UL FS L DR D,2,14,55,7,3,13,3
dl UL D FS L DR R,2,14,55,7,3,13,3
dl UL FS D L DR R,2,14,55,7,3,13,3
dl UL FS L D DR R,2,14,55,7,3,11,3
dl UL FS L R DR D,2,14,55,7,3,13,4
dl UL FS R DR D L,2,14,55,7,3,11,3
dl UL FS R DR L D,2,14,55,7,3,13,3
dl UL FS R L DR D,2,14,55,7,3,15,4
dl UL R DR FS D L,2,14,55,7,3,13,3
dl UL R DR FS L D,2,14,55,7,3,13,3
dl UL R FS DR D L,2,14,55,7,3,13,3
dl UL R FS DR L D,2,14,55,7,3,15,3
dl UL R FS L DR D,2,14,55,7,3,13,3
FS D dl UL L DR R,2,14,55,7,3,12,3
FS D UL dl L DR R,2,14,55,7,3,14,3
FS D UL L dl DR R,2,14,55,7,3,12,3
FS D UL L DR dl R,2,14,55,7,3,12,3
FS dl D UL L DR R,2,14,55,7,3,14,3
FS dl R UL DR D L,2,14,55,7,3,12,3
FS dl R UL DR L D,2,14,55,7,3,14,3
FS dl R UL L DR D,2,14,55,7,3,12,3
FS dl UL D L DR R,2,14,55,7,3,14,3
FS dl UL L D DR R,2,14,55,7,3,10,3
FS dl UL L R DR D,2,14,55,7,3,12,4
FS dl UL R DR D L,2,14,55,7,3,12,3
FS dl UL R DR L D,2,14,55,7,3,14,3
FS dl UL R L DR D,2,14,55,7,3,16,4
FS R dl UL DR D L,2,14,55,7,3,10,2
FS R dl UL DR L D,2,14,55,7,3,12,3
FS R dl UL L DR D,2,14,55,7,3,10,3
FS R UL dl DR D L,2,14,55,7,3,12,3
FS R UL dl DR L D,2,14,55,7,3,14,3
FS R UL dl L DR D,2,14,55,7,3,14,3
FS R UL L dl DR D,2,14,55,7,3,12,3
FS UL D dl L DR R,2,14,55,7,3,16,3
FS UL D L dl DR R,2,14,55,7,3,14,3
FS UL D L DR dl R,2,14,55,7,3,14,3
FS UL dl D L DR R,2,14,55,7,3,14,3
FS UL dl L D DR R,2,14,55,7,3,12,3
FS UL dl L R DR D,2,14,55,7,3,14,4
FS UL dl R DR D L,2,14,55,7,3,10,3
FS UL dl R DR L D,2,14,55,7,3,12,3
FS UL dl R L DR D,2,14,55,7,3,14,4
FS UL L D dl DR R,2,14,55,7,3,12,3
FS UL L D DR dl R,2,14,55,7,3,10,3
FS UL L dl D DR R,2,14,55,7,3,12,3
FS UL L dl R DR D,2,14,55,7,3,10,3
FS UL L R dl DR D,2,14,55,7,3,12,4
FS UL R dl DR D L,2,14,55,7,3,12,3
FS UL R dl DR L D,2,14,55,7,3,14,3
FS UL R dl L DR D,2,14,55,7,3,14,3
FS UL R L dl DR D,2,14,55,7,3,16,4
R dl FS UL DR D L,2,14,55,7,3,12,3
R dl FS UL DR L D,2,14,55,7,3,14,3
R dl FS UL L DR D,2,14,55,7,3,12,3
R dl UL DR FS D L,2,14,55,7,3,12,3
R dl UL DR FS L D,2,14,55,7,3,12,3
R dl UL FS DR D L,2,14,55,7,3,12,3
R dl UL FS DR L D,2,14,55,7,3,14,3
R dl UL FS L DR D,2,14,55,7,3,12,3
R FS dl UL DR D L,2,14,55,7,3,12,3
R FS dl UL DR L D,2,14,55,7,3,14,3
R FS dl UL L DR D,2,14,55,7,3,12,3
R FS UL dl DR D L,2,14,55,7,3,12,3
R FS UL dl DR L D,2,14,55,7,3,14,3
R FS UL dl L DR D,2,14,55,7,3,14,3
R FS UL L dl DR D,2,14,55,7,3,12,3
R UL dl DR FS D L,2,14,55,7,3,14,3
R UL dl DR FS L D,2,14,55,7,3,14,3
R UL dl FS DR D L,2,14,55,7,3,14,3
R UL dl FS DR L D,2,14,55,7,3,16,3
R UL dl FS L DR D,2,14,55,7,3,14,3
R UL FS dl DR D L,2,14,55,7,3,14,3
R UL FS dl DR L D,2,14,55,7,3,16,3
R UL FS dl L DR D,2,14,55,7,3,16,3
R UL FS L dl DR D,2,14,55,7,3,14,3
UL D dl FS L DR R,2,14,55,7,3,15,3
UL D FS dl L DR R,2,14,55,7,3,15,3
UL D FS L dl DR R,2,14,55,7,3,13,3
UL D FS L DR dl R,2,14,55,7,3,13,3
UL dl D FS L DR R,2,14,55,7,3,13,3
UL dl FS D L DR R,2,14,55,7,3,13,3
UL dl FS L D DR R,2,14,55,7,3,11,3
UL dl FS L R DR D,2,14,55,7,3,13,4
UL dl FS R DR D L,2,14,55,7,3,11,3
UL dl FS R DR L D,2,14,55,7,3,13,3
UL dl FS R L DR D,2,14,55,7,3,15,4
UL dl R DR FS D L,2,14,55,7,3,11,3
UL dl R DR FS L D,2,14,55,7,3,11,3
UL dl R FS DR D L,2,14,55,7,3,11,3
UL dl R FS DR L D,2,14,55,7,3,13,3
UL dl R FS L DR D,2,14,55,7,3,11,3
UL FS D dl L DR R,2,14,55,7,3,15,3
UL FS D L dl DR R,2,14,55,7,3,13,3
UL FS D L DR dl R,2,14,55,7,3,13,3
UL FS dl D L DR R,2,14,55,7,3,15,3
UL FS dl L D DR R,2,14,55,7,3,13,3
UL FS dl L R DR D,2,14,55,7,3,15,4
UL FS dl R DR D L,2,14,55,7,3,11,3
UL FS dl R DR L D,2,14,55,7,3,13,3
UL FS dl R L DR D,2,14,55,7,3,15,4
UL FS L D dl DR R,2,14,55,7,3,13,3
UL FS L D DR dl R,2,14,55,7,3,11,3
UL FS L dl D DR R,2,14,55,7,3,13,3
UL FS L dl R DR D,2,14,55,7,3,11,3
UL FS L R dl DR D,2,14,55,7,3,13,4
UL FS R dl DR D L,2,14,55,7,3,11,3
UL FS R dl DR L D,2,14,55,7,3,13,3
UL FS R dl L DR D,2,14,55,7,3,13,3
UL FS R L dl DR D,2,14,55,7,3,15,4
UL R dl DR FS D L,2,14,55,7,3,13,3
UL R dl DR FS L D,2,14,55,7,3,13,3
UL R dl FS DR D L,2,14,55,7,3,13,3
UL R dl FS DR L D,2,14,55,7,3,15,3
UL R dl FS L DR D,2,14,55,7,3,13,3
UL R FS dl DR D L,2,14,55,7,3,13,3
UL R FS dl DR L D,2,14,55,7,3,15,3
UL R FS dl L DR D,2,14,55,7,3,15,3
UL R FS L dl DR D,2,14,55,7,3,13,3
D dl FS R UL DR L,2,14,57,8,3,16,3
D dl FS R UL L DR,2,14,57,8,3,15,3
D dl FS UL L R DR,2,14,57,8,3,15,4
D dl FS UL R DR L,2,14,57,8,3,16,3
D dl FS UL R L DR,2,14,57,8,3,19,4
D dl L UL DR FS R,2,14,57,8,3,14,3
D dl L UL FS DR R,2,14,57,8,3,14,3
D dl R FS UL DR L,2,14,57,8,3,14,3
D dl R FS UL L DR,2,14,57,8,3,13,3
D dl R UL DR FS L,2,14,57,8,3,14,3
D dl R UL FS DR L,2,14,57,8,3,16,3
D dl R UL FS L DR,2,14,57,8,3,15,3
D dl UL FS L R DR,2,14,57,8,3,15,4
D dl UL FS R DR L,2,14,57,8,3,14,3
D dl UL FS R L DR,2,14,57,8,3,17,4
D dl UL L DR FS R,2,14,57,8,3,14,3
D dl UL L FS DR R,2,14,57,8,3,12,3
D dl UL R DR FS L,2,14,57,8,3,14,3
D dl UL R FS DR L,2,14,57,8,3,16,3
D dl UL R FS L DR,2,14,57,8,3,15,3
D FS dl R UL DR L,2,14,57,8,3,14,3
D FS dl R UL L DR,2,14,57,8,3,13,3
D FS dl UL L R DR,2,14,57,8,3,13,4
D FS dl UL R DR L,2,14,57,8,3,14,3
D FS dl UL R L DR,2,14,57,8,3,17,4
D FS R dl UL DR L,2,14,57,8,3,12,3
D FS R dl UL L DR,2,14,57,8,3,11,3
D FS R DR UL dl L,2,14,57,8,3,12,3
D FS R UL dl DR L,2,14,57,8,3,14,3
D FS R UL dl L DR,2,14,57,8,3,15,3
D FS R UL DR dl L,2,14,57,8,3,14,3
D FS R UL L dl DR,2,14,57,8,3,13,3
D FS UL dl L R DR,2,14,57,8,3,15,4
D FS UL dl R DR L,2,14,57,8,3,12,3
D FS UL dl R L DR,2,14,57,8,3,15,4
D FS UL L dl R DR,2,14,57,8,3,11,3
D FS UL L R dl DR,2,14,57,8,3,13,4
D FS UL R dl DR L,2,14,57,8,3,14,3
D FS UL R dl L DR,2,14,57,8,3,15,3
D FS UL R DR dl L,2,14,57,8,3,14,3
D FS UL R L dl DR,2,14,57,8,3,17,4
D L dl UL DR FS R,2,14,57,8,3,14,3
D L dl UL FS DR R,2,14,57,8,3,14,3
D L UL dl DR FS R,2,14,57,8,3,12,3
D L UL dl FS DR R,2,14,57,8,3,12,3
D L UL DR dl FS R,2,14,57,8,3,12,3
D L UL DR FS dl R,2,14,57,8,3,12,3
D L UL FS dl DR R,2,14,57,8,3,12,3
D L UL FS DR dl R,2,14,57,8,3,12,3
D R dl FS UL DR L,2,14,57,8,3,14,3
D R dl FS UL L DR,2,14,57,8,3,13,3
D R dl UL DR FS L,2,14,57,8,3,12,3
D R dl UL FS DR L,2,14,57,8,3,14,3
D R dl UL FS L DR,2,14,57,8,3,13,3
D R FS dl UL DR L,2,14,57,8,3,14,3
D R FS dl UL L DR,2,14,57,8,3,13,3
D R FS DR UL dl L,2,14,57,8,3,14,3
D R FS UL dl DR L,2,14,57,8,3,14,3
D R FS UL dl L DR,2,14,57,8,3,15,3
D R FS UL DR dl L,2,14,57,8,3,14,3
D R FS UL L dl DR,2,14,57,8,3,13,3
D R UL dl DR FS L,2,14,57,8,3,14,3
D R UL dl FS DR L,2,14,57,8,3,16,3
D R UL dl FS L DR,2,14,57,8,3,15,3
D R UL FS dl DR L,2,14,57,8,3,16,3
D R UL FS dl L DR,2,14,57,8,3,17,3
D R UL FS DR dl L,2,14,57,8,3,16,3
D R UL FS L dl DR,2,14,57,8,3,15,3
D UL dl FS L R DR,2,14,57,8,3,15,4
D UL dl FS R DR L,2,14,57,8,3,14,3
D UL dl FS R L DR,2,14,57,8,3,17,4
D UL dl L DR FS R,2,14,57,8,3,16,3
D UL dl L FS DR R,2,14,57,8,3,14,3
D UL dl R DR FS L,2,14,57,8,3,12,3
D UL dl R FS DR L,2,14,57,8,3,14,3
D UL dl R FS L DR,2,14,57,8,3,13,3
D UL FS dl L R DR,2,14,57,8,3,17,4
D UL FS dl R DR L,2,14,57,8,3,14,3
D UL FS dl R L DR,2,14,57,8,3,17,4
D UL FS L dl R DR,2,14,57,8,3,13,3
D UL FS L R dl DR,2,14,57,8,3,15,4
D UL FS R dl DR L,2,14,57,8,3,14,3
D UL FS R dl L DR,2,14,57,8,3,15,3
D UL FS R DR dl L,2,14,57,8,3,14,3
D UL FS R L dl DR,2,14,57,8,3,17,4
D UL L dl DR FS R,2,14,57,8,3,14,3
D UL L dl FS DR R,2,14,57,8,3,14,3
D UL L DR dl FS R,2,14,57,8,3,14,3
D UL L DR FS dl R,2,14,57,8,3,14,3
D UL L FS dl DR R,2,14,57,8,3,12,3
D UL L FS DR dl R,2,14,57,8,3,12,3
D UL R dl DR FS L,2,14,57,8,3,14,3
D UL R dl FS DR L,2,14,57,8,3,16,3
D UL R dl FS L DR,2,14,57,8,3,15,3
D UL R FS dl DR L,2,14,57,8,3,16,3
D UL R FS dl L DR,2,14,57,8,3,17,3
D UL R FS DR dl L,2,14,57,8,3,16,3
D UL R FS L dl DR,2,14,57,8,3,15,3
dl D FS R UL DR L,2,14,57,8,3,15,3
dl D FS R UL L DR,2,14,57,8,3,14,3
dl D FS UL L R DR,2,14,57,8,3,14,4
dl D FS UL R DR L,2,14,57,8,3,15,3
dl D FS UL R L DR,2,14,57,8,3,18,4
dl D L UL DR FS R,2,14,57,8,3,13,3
dl D L UL FS DR R,2,14,57,8,3,13,3
dl D R FS UL DR L,2,14,57,8,3,15,3
dl D R FS UL L DR,2,14,57,8,3,14,3
dl D R UL DR FS L,2,14,57,8,3,15,3
dl D R UL FS DR L,2,14,57,8,3,17,3
dl D R UL FS L DR,2,14,57,8,3,16,3
dl D UL FS L R DR,2,14,57,8,3,16,4
dl D UL FS R DR L,2,14,57,8,3,15,3
dl D UL FS R L DR,2,14,57,8,3,18,4
dl D UL L DR FS R,2,14,57,8,3,15,3
dl D UL L FS DR R,2,14,57,8,3,13,3
dl D UL R DR FS L,2,14,57,8,3,15,3
dl D UL R FS DR L,2,14,57,8,3,17,3
dl D UL R FS L DR,2,14,57,8,3,16,3
dl FS D R UL DR L,2,14,57,8,3,15,3
dl FS D R UL L DR,2,14,57,8,3,14,3
dl FS D UL L R DR,2,14,57,8,3,14,4
dl FS D UL R DR L,2,14,57,8,3,15,3
dl FS D UL R L DR,2,14,57,8,3,18,4
dl FS R D UL DR L,2,14,57,8,3,15,3
dl FS R D UL L DR,2,14,57,8,3,14,3
dl FS R UL D DR L,2,14,57,8,3,15,3
dl FS R UL D L DR,2,14,57,8,3,16,3
dl FS R UL L D DR,2,14,57,8,3,12,3
dl FS UL D L R DR,2,14,57,8,3,16,4
dl FS UL D R DR L,2,14,57,8,3,15,3
dl FS UL D R L DR,2,14,57,8,3,18,4
dl FS UL L D R DR,2,14,57,8,3,12,3
dl FS UL L R D DR,2,14,57,8,3,14,4
dl FS UL R D DR L,2,14,57,8,3,15,3
dl FS UL R D L DR,2,14,57,8,3,16,3
dl FS UL R L D DR,2,14,57,8,3,16,4
dl L D UL DR FS R,2,14,57,8,3,15,3
dl L D UL FS DR R,2,14,57,8,3,15,3
dl L R UL DR FS D,2,14,57,8,3,17,4
dl L R UL FS DR D,2,14,57,8,3,17,4
dl L UL D DR FS R,2,14,57,8,3,13,3
dl L UL D FS DR R,2,14,57,8,3,13,3
dl L UL FS D DR R,2,14,57,8,3,11,3
dl L UL FS R DR D,2,14,57,8,3,11,3
dl L UL R DR FS D,2,14,57,8,3,13,3
dl L UL R FS DR D,2,14,57,8,3,13,3
dl R D FS UL DR L,2,14,57,8,3,13,3
dl R D FS UL L DR,2,14,57,8,3,12,3
dl R D UL DR FS L,2,14,57,8,3,13,3
dl R D UL FS DR L,2,14,57,8,3,15,3
dl R D UL FS L DR,2,14,57,8,3,14,3
dl R FS D UL DR L,2,14,57,8,3,13,3
dl R FS D UL L DR,2,14,57,8,3,12,3
dl R FS UL D DR L,2,14,57,8,3,13,3
dl R FS UL D L DR,2,14,57,8,3,14,3
dl R FS UL L D DR,2,14,57,8,3,10,3
dl R L UL DR FS D,2,14,57,8,3,13,4
dl R L UL FS DR D,2,14,57,8,3,13,4
dl R UL D DR FS L,2,14,57,8,3,13,3
dl R UL D FS DR L,2,14,57,8,3,15,3
dl R UL D FS L DR,2,14,57,8,3,14,3
dl R UL DR D FS L,2,14,57,8,3,11,3
dl R UL DR L FS D,2,14,57,8,3,13,3
dl R UL FS D DR L,2,14,57,8,3,13,3
dl R UL FS D L DR,2,14,57,8,3,14,3
dl R UL FS L D DR,2,14,57,8,3,12,3
dl R UL L DR FS D,2,14,57,8,3,13,3
dl R UL L FS DR D,2,14,57,8,3,11,3
dl UL D FS L R DR,2,14,57,8,3,14,4
dl UL D FS R DR L,2,14,57,8,3,13,3
dl UL D FS R L DR,2,14,57,8,3,16,4
dl UL D L DR FS R,2,14,57,8,3,15,3
dl UL D L FS DR R,2,14,57,8,3,13,3
dl UL D R DR FS L,2,14,57,8,3,13,3
dl UL D R FS DR L,2,14,57,8,3,15,3
dl UL D R FS L DR,2,14,57,8,3,14,3
dl UL FS D L R DR,2,14,57,8,3,14,4
dl UL FS D R DR L,2,14,57,8,3,13,3
dl UL FS D R L DR,2,14,57,8,3,16,4
dl UL FS L D R DR,2,14,57,8,3,12,3
dl UL FS L R D DR,2,14,57,8,3,14,4
dl UL FS R D DR L,2,14,57,8,3,13,3
dl UL FS R D L DR,2,14,57,8,3,14,3
dl UL FS R L D DR,2,14,57,8,3,14,4
dl UL L D DR FS R,2,14,57,8,3,11,3
dl UL L D FS DR R,2,14,57,8,3,11,3
dl UL L FS D DR R,2,14,57,8,3,9,2
dl UL L FS R DR D,2,14,57,8,3,9,2
dl UL L R DR FS D,2,14,57,8,3,13,4
dl UL L R FS DR D,2,14,57,8,3,13,4
dl UL R D DR FS L,2,14,57,8,3,13,3
dl UL R D FS DR L,2,14,57,8,3,15,3
dl UL R D FS L DR,2,14,57,8,3,14,3
dl UL R DR D FS L,2,14,57,8,3,11,3
dl UL R DR L FS D,2,14,57,8,3,13,3
dl UL R FS D DR L,2,14,57,8,3,13,3
dl UL R FS D L DR,2,14,57,8,3,14,3
dl UL R FS L D DR,2,14,57,8,3,12,3
dl UL R L DR FS D,2,14,57,8,3,17,4
dl UL R L FS DR D,2,14,57,8,3,15,4
FS D dl R UL DR L,2,14,57,8,3,14,3
FS D dl R UL L DR,2,14,57,8,3,13,3
FS D dl UL L R DR,2,14,57,8,3,13,4
FS D dl UL R DR L,2,14,57,8,3,14,3
FS D dl UL R L DR,2,14,57,8,3,17,4
FS D R dl UL DR L,2,14,57,8,3,12,3
FS D R dl UL L DR,2,14,57,8,3,11,3
FS D R DR UL dl L,2,14,57,8,3,12,3
FS D R UL dl DR L,2,14,57,8,3,14,3
FS D R UL dl L DR,2,14,57,8,3,15,3
FS D R UL DR dl L,2,14,57,8,3,14,3
FS D R UL L dl DR,2,14,57,8,3,13,3
FS D UL dl L R DR,2,14,57,8,3,15,4
FS D UL dl R DR L,2,14,57,8,3,12,3
FS D UL dl R L DR,2,14,57,8,3,15,4
FS D UL L dl R DR,2,14,57,8,3,11,3
FS D UL L R dl DR,2,14,57,8,3,13,4
FS D UL R dl DR L,2,14,57,8,3,14,3
FS D UL R dl L DR,2,14,57,8,3,15,3
FS D UL R DR dl L,2,14,57,8,3,14,3
FS D UL R L dl DR,2,14,57,8,3,17,4
FS dl D R UL DR L,2,14,57,8,3,16,3
FS dl D R UL L DR,2,14,57,8,3,15,3
FS dl D UL L R DR,2,14,57,8,3,15,4
FS dl D UL R DR L,2,14,57,8,3,16,3
FS dl D UL R L DR,2,14,57,8,3,19,4
FS dl R D UL DR L,2,14,57,8,3,14,3
FS dl R D UL L DR,2,14,57,8,3,13,3
FS dl R UL D DR L,2,14,57,8,3,14,3
FS dl R UL D L DR,2,14,57,8,3,15,3
FS dl R UL L D DR,2,14,57,8,3,11,3
FS dl UL D L R DR,2,14,57,8,3,15,4
FS dl UL D R DR L,2,14,57,8,3,14,3
FS dl UL D R L DR,2,14,57,8,3,17,4
FS dl UL L D R DR,2,14,57,8,3,11,3
FS dl UL L R D DR,2,14,57,8,3,13,4
FS dl UL R D DR L,2,14,57,8,3,14,3
FS dl UL R D L DR,2,14,57,8,3,15,3
FS dl UL R L D DR,2,14,57,8,3,15,4
FS R D dl UL DR L,2,14,57,8,3,14,3
FS R D dl UL L DR,2,14,57,8,3,13,3
FS R D DR UL dl L,2,14,57,8,3,12,3
FS R D UL dl DR L,2,14,57,8,3,14,3
FS R D UL dl L DR,2,14,57,8,3,15,3
FS R D UL DR dl L,2,14,57,8,3,14,3
FS R D UL L dl DR,2,14,57,8,3,13,3
FS R dl D UL DR L,2,14,57,8,3,14,3
FS R dl D UL L DR,2,14,57,8,3,13,3
FS R dl UL D DR L,2,14,57,8,3,12,3
FS R dl UL D L DR,2,14,57,8,3,13,3
FS R dl UL L D DR,2,14,57,8,3,9,2
FS R UL D dl DR L,2,14,57,8,3,16,3
FS R UL D dl L DR,2,14,57,8,3,17,3
FS R UL D DR dl L,2,14,57,8,3,14,3
FS R UL D L dl DR,2,14,57,8,3,15,3
FS R UL dl D DR L,2,14,57,8,3,14,3
FS R UL dl D L DR,2,14,57,8,3,15,3
FS R UL dl L D DR,2,14,57,8,3,13,3
FS R UL L D dl DR,2,14,57,8,3,13,3
FS R UL L dl D DR,2,14,57,8,3,13,3
FS UL D dl L R DR,2,14,57,8,3,17,4
FS UL D dl R DR L,2,14,57,8,3,14,3
FS UL D dl R L DR,2,14,57,8,3,17,4
FS UL D L dl R DR,2,14,57,8,3,13,3
FS UL D L R dl DR,2,14,57,8,3,15,4
FS UL D R dl DR L,2,14,57,8,3,14,3
FS UL D R dl L DR,2,14,57,8,3,15,3
FS UL D R DR dl L,2,14,57,8,3,14,3
FS UL D R L dl DR,2,14,57,8,3,17,4
FS UL dl D L R DR,2,14,57,8,3,15,4
FS UL dl D R DR L,2,14,57,8,3,14,3
FS UL dl D R L DR,2,14,57,8,3,17,4
FS UL dl L D R DR,2,14,57,8,3,13,3
FS UL dl L R D DR,2,14,57,8,3,15,4
FS UL dl R D DR L,2,14,57,8,3,12,3
FS UL dl R D L DR,2,14,57,8,3,13,3
FS UL dl R L D DR,2,14,57,8,3,13,4
FS UL L D dl R DR,2,14,57,8,3,11,3
FS UL L D R dl DR,2,14,57,8,3,11,3
FS UL L dl D R DR,2,14,57,8,3,13,3
FS UL L dl R D DR,2,14,57,8,3,11,3
FS UL L R D dl DR,2,14,57,8,3,15,4
FS UL L R dl D DR,2,14,57,8,3,13,4
FS UL R D dl DR L,2,14,57,8,3,16,3
FS UL R D dl L DR,2,14,57,8,3,17,3
FS UL R D DR dl L,2,14,57,8,3,14,3
FS UL R D L dl DR,2,14,57,8,3,15,3
FS UL R dl D DR L,2,14,57,8,3,14,3
FS UL R dl D L DR,2,14,57,8,3,15,3
FS UL R dl L D DR,2,14,57,8,3,13,3
FS UL R L D dl DR,2,14,57,8,3,17,4
FS UL R L dl D DR,2,14,57,8,3,17,4
L D dl UL DR FS R,2,14,57,8,3,14,3
L D dl UL FS DR R,2,14,57,8,3,14,3
L D UL dl DR FS R,2,14,57,8,3,14,3
L D UL dl FS DR R,2,14,57,8,3,14,3
L D UL DR dl FS R,2,14,57,8,3,14,3
L D UL DR FS dl R,2,14,57,8,3,14,3
L D UL FS dl DR R,2,14,57,8,3,14,3
L D UL FS DR dl R,2,14,57,8,3,14,3
L dl D UL DR FS R,2,14,57,8,3,16,3
L dl D UL FS DR R,2,14,57,8,3,16,3
L dl R UL DR FS D,2,14,57,8,3,14,3
L dl R UL FS DR D,2,14,57,8,3,14,3
L dl UL D DR FS R,2,14,57,8,3,14,3
L dl UL D FS DR R,2,14,57,8,3,14,3
L dl UL FS D DR R,2,14,57,8,3,12,3
L dl UL FS R DR D,2,14,57,8,3,12,3
L dl UL R DR FS D,2,14,57,8,3,14,3
L dl UL R FS DR D,2,14,57,8,3,14,3
L R dl UL DR FS D,2,14,57,8,3,14,4
L R dl UL FS DR D,2,14,57,8,3,14,4
L R UL dl DR FS D,2,14,57,8,3,16,4
L R UL dl FS DR D,2,14,57,8,3,16,4
L R UL FS dl DR D,2,14,57,8,3,16,4
L UL D dl DR FS R,2,14,57,8,3,14,3
L UL D dl FS DR R,2,14,57,8,3,14,3
L UL D DR dl FS R,2,14,57,8,3,12,3
L UL D DR FS dl R,2,14,57,8,3,12,3
L UL D FS dl DR R,2,14,57,8,3,12,3
L UL D FS DR dl R,2,14,57,8,3,12,3
L UL dl D DR FS R,2,14,57,8,3,12,3
L UL dl D FS DR R,2,14,57,8,3,12,3
L UL dl FS D DR R,2,14,57,8,3,10,3
L UL dl FS R DR D,2,14,57,8,3,10,3
L UL dl R DR FS D,2,14,57,8,3,10,3
L UL dl R FS DR D,2,14,57,8,3,10,3
L UL FS D dl DR R,2,14,57,8,3,12,3
L UL FS D DR dl R,2,14,57,8,3,10,3
L UL FS dl D DR R,2,14,57,8,3,12,3
L UL FS dl R DR D,2,14,57,8,3,10,3
L UL FS R dl DR D,2,14,57,8,3,10,3
L UL R dl DR FS D,2,14,57,8,3,12,3
L UL R dl FS DR D,2,14,57,8,3,12,3
L UL R FS dl DR D,2,14,57,8,3,12,3
R D dl FS UL DR L,2,14,57,8,3,16,3
R D dl FS UL L DR,2,14,57,8,3,15,3
R D dl UL DR FS L,2,14,57,8,3,14,3
R D dl UL FS DR L,2,14,57,8,3,16,3
R D dl UL FS L DR,2,14,57,8,3,15,3
R D FS dl UL DR L,2,14,57,8,3,14,3
R D FS dl UL L DR,2,14,57,8,3,13,3
R D FS DR UL dl L,2,14,57,8,3,14,3
R D FS UL dl DR L,2,14,57,8,3,14,3
R D FS UL dl L DR,2,14,57,8,3,15,3
R D FS UL DR dl L,2,14,57,8,3,14,3
R D FS UL L dl DR,2,14,57,8,3,13,3
R D UL dl DR FS L,2,14,57,8,3,14,3
R D UL dl FS DR L,2,14,57,8,3,16,3
R D UL dl FS L DR,2,14,57,8,3,15,3
R D UL FS dl DR L,2,14,57,8,3,16,3
R D UL FS dl L DR,2,14,57,8,3,17,3
R D UL FS DR dl L,2,14,57,8,3,16,3
R D UL FS L dl DR,2,14,57,8,3,15,3
R dl D FS UL DR L,2,14,57,8,3,14,3
R dl D FS UL L DR,2,14,57,8,3,13,3
R dl D UL DR FS L,2,14,57,8,3,14,3
R dl D UL FS DR L,2,14,57,8,3,16,3
R dl D UL FS L DR,2,14,57,8,3,15,3
R dl FS D UL DR L,2,14,57,8,3,14,3
R dl FS D UL L DR,2,14,57,8,3,13,3
R dl FS UL D DR L,2,14,57,8,3,14,3
R dl FS UL D L DR,2,14,57,8,3,15,3
R dl FS UL L D DR,2,14,57,8,3,11,3
R dl L UL DR FS D,2,14,57,8,3,12,3
R dl L UL FS DR D,2,14,57,8,3,12,3
R dl UL D DR FS L,2,14,57,8,3,12,3
R dl UL D FS DR L,2,14,57,8,3,14,3
R dl UL D FS L DR,2,14,57,8,3,13,3
R dl UL DR D FS L,2,14,57,8,3,10,2
R dl UL DR L FS D,2,14,57,8,3,12,3
R dl UL FS D DR L,2,14,57,8,3,12,3
R dl UL FS D L DR,2,14,57,8,3,13,3
R dl UL FS L D DR,2,14,57,8,3,11,3
R dl UL L DR FS D,2,14,57,8,3,12,3
R dl UL L FS DR D,2,14,57,8,3,10,3
R FS D dl UL DR L,2,14,57,8,3,14,3
R FS D dl UL L DR,2,14,57,8,3,13,3
R FS D DR UL dl L,2,14,57,8,3,12,3
R FS D UL dl DR L,2,14,57,8,3,14,3
R FS D UL dl L DR,2,14,57,8,3,15,3
R FS D UL DR dl L,2,14,57,8,3,14,3
R FS D UL L dl DR,2,14,57,8,3,13,3
R FS dl D UL DR L,2,14,57,8,3,16,3
R FS dl D UL L DR,2,14,57,8,3,15,3
R FS dl UL D DR L,2,14,57,8,3,14,3
R FS dl UL D L DR,2,14,57,8,3,15,3
R FS dl UL L D DR,2,14,57,8,3,11,3
R FS UL D dl DR L,2,14,57,8,3,16,3
R FS UL D dl L DR,2,14,57,8,3,17,3
R FS UL D DR dl L,2,14,57,8,3,14,3
R FS UL D L dl DR,2,14,57,8,3,15,3
R FS UL dl D DR L,2,14,57,8,3,14,3
R FS UL dl D L DR,2,14,57,8,3,15,3
R FS UL dl L D DR,2,14,57,8,3,13,3
R FS UL L D dl DR,2,14,57,8,3,13,3
R FS UL L dl D DR,2,14,57,8,3,13,3
R L dl UL DR FS D,2,14,57,8,3,16,4
R L dl UL FS DR D,2,14,57,8,3,16,4
R L UL dl DR FS D,2,14,57,8,3,14,4
R L UL dl FS DR D,2,14,57,8,3,14,4
R L UL FS dl DR D,2,14,57,8,3,14,4
R UL D dl DR FS L,2,14,57,8,3,16,3
R UL D dl FS DR L,2,14,57,8,3,18,3
R UL D dl FS L DR,2,14,57,8,3,17,3
R UL D FS dl DR L,2,14,57,8,3,16,3
R UL D FS dl L DR,2,14,57,8,3,17,3
R UL D FS DR dl L,2,14,57,8,3,16,3
R UL D FS L dl DR,2,14,57,8,3,15,3
R UL dl D DR FS L,2,14,57,8,3,14,3
R UL dl D FS DR L,2,14,57,8,3,16,3
R UL dl D FS L DR,2,14,57,8,3,15,3
R UL dl DR D FS L,2,14,57,8,3,12,3
R UL dl DR L FS D,2,14,57,8,3,14,3
R UL dl FS D DR L,2,14,57,8,3,14,3
R UL dl FS D L DR,2,14,57,8,3,15,3
R UL dl FS L D DR,2,14,57,8,3,13,3
R UL dl L DR FS D,2,14,57,8,3,16,3
R UL dl L FS DR D,2,14,57,8,3,14,3
R UL FS D dl DR L,2,14,57,8,3,16,3
R UL FS D dl L DR,2,14,57,8,3,17,3
R UL FS D DR dl L,2,14,57,8,3,14,3
R UL FS D L dl DR,2,14,57,8,3,15,3
R UL FS dl D DR L,2,14,57,8,3,16,3
R UL FS dl D L DR,2,14,57,8,3,17,3
R UL FS dl L D DR,2,14,57,8,3,15,3
R UL FS L D dl DR,2,14,57,8,3,15,3
R UL FS L dl D DR,2,14,57,8,3,15,3
R UL L dl DR FS D,2,14,57,8,3,14,3
R UL L dl FS DR D,2,14,57,8,3,14,3
R UL L FS dl DR D,2,14,57,8,3,12,3
UL D dl FS L R DR,2,14,57,8,3,16,4
UL D dl FS R DR L,2,14,57,8,3,15,3
UL D dl FS R L DR,2,14,57,8,3,18,4
UL D dl L DR FS R,2,14,57,8,3,17,3
UL D dl L FS DR R,2,14,57,8,3,15,3
UL D dl R DR FS L,2,14,57,8,3,13,3
UL D dl R FS DR L,2,14,57,8,3,15,3
UL D dl R FS L DR,2,14,57,8,3,14,3
UL D FS dl L R DR,2,14,57,8,3,16,4
UL D FS dl R DR L,2,14,57,8,3,13,3
UL D FS dl R L DR,2,14,57,8,3,16,4
UL D FS L dl R DR,2,14,57,8,3,12,3
UL D FS L R dl DR,2,14,57,8,3,14,4
UL D FS R dl DR L,2,14,57,8,3,13,3
UL D FS R dl L DR,2,14,57,8,3,14,3
UL D FS R DR dl L,2,14,57,8,3,13,3
UL D FS R L dl DR,2,14,57,8,3,16,4
UL D L dl DR FS R,2,14,57,8,3,15,3
UL D L dl FS DR R,2,14,57,8,3,15,3
UL D L DR dl FS R,2,14,57,8,3,15,3
UL D L DR FS dl R,2,14,57,8,3,15,3
UL D L FS dl DR R,2,14,57,8,3,13,3
UL D L FS DR dl R,2,14,57,8,3,13,3
UL D R dl DR FS L,2,14,57,8,3,13,3
UL D R dl FS DR L,2,14,57,8,3,15,3
UL D R dl FS L DR,2,14,57,8,3,14,3
UL D R FS dl DR L,2,14,57,8,3,15,3
UL D R FS dl L DR,2,14,57,8,3,16,3
UL D R FS DR dl L,2,14,57,8,3,15,3
UL D R FS L dl DR,2,14,57,8,3,14,3
UL dl D FS L R DR,2,14,57,8,3,14,4
UL dl D FS R DR L,2,14,57,8,3,13,3
UL dl D FS R L DR,2,14,57,8,3,16,4
UL dl D L DR FS R,2,14,57,8,3,15,3
UL dl D L FS DR R,2,14,57,8,3,13,3
UL dl D R DR FS L,2,14,57,8,3,13,3
UL dl D R FS DR L,2,14,57,8,3,15,3
UL dl D R FS L DR,2,14,57,8,3,14,3
UL dl FS D L R DR,2,14,57,8,3,14,4
UL dl FS D R DR L,2,14,57,8,3,13,3
UL dl FS D R L DR,2,14,57,8,3,16,4
UL dl FS L D R DR,2,14,57,8,3,12,3
UL dl FS L R D DR,2,14,57,8,3,14,4
UL dl FS R D DR L,2,14,57,8,3,13,3
UL dl FS R D L DR,2,14,57,8,3,14,3
UL dl FS R L D DR,2,14,57,8,3,14,4
UL dl L D DR FS R,2,14,57,8,3,13,3
UL dl L D FS DR R,2,14,57,8,3,13,3
UL dl L FS D DR R,2,14,57,8,3,11,3
UL dl L FS R DR D,2,14,57,8,3,11,3
UL dl L R DR FS D,2,14,57,8,3,15,4
UL dl L R FS DR D,2,14,57,8,3,15,4
UL dl R D DR FS L,2,14,57,8,3,11,3
UL dl R D FS DR L,2,14,57,8,3,13,3
UL dl R D FS L DR,2,14,57,8,3,12,3
UL dl R DR D FS L,2,14,57,8,3,9,2
UL dl R DR L FS D,2,14,57,8,3,11,3
UL dl R FS D DR L,2,14,57,8,3,11,3
UL dl R FS D L DR,2,14,57,8,3,12,3
UL dl R FS L D DR,2,14,57,8,3,10,2
UL dl R L DR FS D,2,14,57,8,3,15,4
UL dl R L FS DR D,2,14,57,8,3,13,4
UL FS D dl L R DR,2,14,57,8,3,16,4
UL FS D dl R DR L,2,14,57,8,3,13,3
UL FS D dl R L DR,2,14,57,8,3,16,4
UL FS D L dl R DR,2,14,57,8,3,12,3
UL FS D L R dl DR,2,14,57,8,3,14,4
UL FS D R dl DR L,2,14,57,8,3,13,3
UL FS D R dl L DR,2,14,57,8,3,14,3
UL FS D R DR dl L,2,14,57,8,3,13,3
UL FS D R L dl DR,2,14,57,8,3,16,4
UL FS dl D L R DR,2,14,57,8,3,16,4
UL FS dl D R DR L,2,14,57,8,3,15,3
UL FS dl D R L DR,2,14,57,8,3,18,4
UL FS dl L D R DR,2,14,57,8,3,14,3
UL FS dl L R D DR,2,14,57,8,3,16,4
UL FS dl R D DR L,2,14,57,8,3,13,3
UL FS dl R D L DR,2,14,57,8,3,14,3
UL FS dl R L D DR,2,14,57,8,3,14,4
UL FS L D dl R DR,2,14,57,8,3,12,3
UL FS L D R dl DR,2,14,57,8,3,12,3
UL FS L dl D R DR,2,14,57,8,3,14,3
UL FS L dl R D DR,2,14,57,8,3,12,3
UL FS L R D dl DR,2,14,57,8,3,16,4
UL FS L R dl D DR,2,14,57,8,3,14,4
UL FS R D dl DR L,2,14,57,8,3,15,3
UL FS R D dl L DR,2,14,57,8,3,16,3
UL FS R D DR dl L,2,14,57,8,3,13,3
UL FS R D L dl DR,2,14,57,8,3,14,3
UL FS R dl D DR L,2,14,57,8,3,13,3
UL FS R dl D L DR,2,14,57,8,3,14,3
UL FS R dl L D DR,2,14,57,8,3,12,3
UL FS R L D dl DR,2,14,57,8,3,16,4
UL FS R L dl D DR,2,14,57,8,3,16,4
UL L D dl DR FS R,2,14,57,8,3,13,3
UL L D dl FS DR R,2,14,57,8,3,13,3
UL L D DR dl FS R,2,14,57,8,3,11,3
UL L D DR FS dl R,2,14,57,8,3,11,3
UL L D FS dl DR R,2,14,57,8,3,11,3
UL L D FS DR dl R,2,14,57,8,3,11,3
UL L dl D DR FS R,2,14,57,8,3,13,3
UL L dl D FS DR R,2,14,57,8,3,13,3
UL L dl FS D DR R,2,14,57,8,3,11,3
UL L dl FS R DR D,2,14,57,8,3,11,3
UL L dl R DR FS D,2,14,57,8,3,11,3
UL L dl R FS DR D,2,14,57,8,3,11,3
UL L FS D dl DR R,2,14,57,8,3,11,3
UL L FS D DR dl R,2,14,57,8,3,9,2
UL L FS dl D DR R,2,14,57,8,3,11,3
UL L FS dl R DR D,2,14,57,8,3,9,3
UL L FS R dl DR D,2,14,57,8,3,9,2
UL L R dl DR FS D,2,14,57,8,3,13,4
UL L R dl FS DR D,2,14,57,8,3,13,4
UL L R FS dl DR D,2,14,57,8,3,13,4
UL R D dl DR FS L,2,14,57,8,3,15,3
UL R D dl FS DR L,2,14,57,8,3,17,3
UL R D dl FS L DR,2,14,57,8,3,16,3
UL R D FS dl DR L,2,14,57,8,3,15,3
UL R D FS dl L DR,2,14,57,8,3,16,3
UL R D FS DR dl L,2,14,57,8,3,15,3
UL R D FS L dl DR,2,14,57,8,3,14,3
UL R dl D DR FS L,2,14,57,8,3,13,3
UL R dl D FS DR L,2,14,57,8,3,15,3
UL R dl D FS L DR,2,14,57,8,3,14,3
UL R dl DR D FS L,2,14,57,8,3,11,3
UL R dl DR L FS D,2,14,57,8,3,13,3
UL R dl FS D DR L,2,14,57,8,3,13,3
UL R dl FS D L DR,2,14,57,8,3,14,3
UL R dl FS L D DR,2,14,57,8,3,12,3
UL R dl L DR FS D,2,14,57,8,3,15,3
UL R dl L FS DR D,2,14,57,8,3,13,3
UL R FS D dl DR L,2,14,57,8,3,15,3
UL R FS D dl L DR,2,14,57,8,3,16,3
UL R FS D DR dl L,2,14,57,8,3,13,3
UL R FS D L dl DR,2,14,57,8,3,14,3
UL R FS dl D DR L,2,14,57,8,3,15,3
UL R FS dl D L DR,2,14,57,8,3,16,3
UL R FS dl L D DR,2,14,57,8,3,14,3
UL R FS L D dl DR,2,14,57,8,3,14,3
UL R FS L dl D DR,2,14,57,8,3,14,3
UL R L dl DR FS D,2,14,57,8,3,17,4
UL R L dl FS DR D,2,14,57,8,3,17,4
UL R L FS dl DR D,2,14,57,8,3,15,4
D dl L R UL FS DR,2,14,59,9,3,19,4
D dl L UL FS R DR,2,14,59,9,3,13,3
D dl L UL R FS DR,2,14,59,9,3,15,3
D dl R L UL FS DR,2,14,59,9,3,15,4
D dl R UL L FS DR,2,14,59,9,3,13,3
D dl UL L FS R DR,2,14,59,9,3,11,3
D dl UL L R FS DR,2,14,59,9,3,15,4
D dl UL R L FS DR,2,14,59,9,3,17,4
D L dl R UL FS DR,2,14,59,9,3,15,3
D L dl UL FS R DR,2,14,59,9,3,13,3
D L dl UL R FS DR,2,14,59,9,3,15,3
D L R dl UL FS DR,2,14,59,9,3,15,4
D L R UL dl FS DR,2,14,59,9,3,17,4
D L R UL FS dl DR,2,14,59,9,3,17,4
D L UL dl FS R DR,2,14,59,9,3,11,3
D L UL dl R FS DR,2,14,59,9,3,11,3
D L UL FS dl R DR,2,14,59,9,3,11,3
D L UL FS R dl DR,2,14,59,9,3,11,3
D L UL R dl FS DR,2,14,59,9,3,13,3
D L UL R FS dl DR,2,14,59,9,3,13,3
D R dl L UL FS DR,2,14,59,9,3,13,3
D R dl UL L FS DR,2,14,59,9,3,11,3
D R L dl UL FS DR,2,14,59,9,3,17,4
D R L UL dl FS DR,2,14,59,9,3,15,4
D R L UL FS dl DR,2,14,59,9,3,15,4
D R UL dl L FS DR,2,14,59,9,3,15,3
D R UL L dl FS DR,2,14,59,9,3,15,3
D R UL L FS dl DR,2,14,59,9,3,13,3
D UL dl L FS R DR,2,14,59,9,3,13,3
D UL dl L R FS DR,2,14,59,9,3,17,4
D UL dl R L FS DR,2,14,59,9,3,15,4
D UL L dl FS R DR,2,14,59,9,3,13,3
D UL L dl R FS DR,2,14,59,9,3,13,3
D UL L FS dl R DR,2,14,59,9,3,11,3
D UL L FS R dl DR,2,14,59,9,3,11,3
D UL L R dl FS DR,2,14,59,9,3,15,4
D UL L R FS dl DR,2,14,59,9,3,15,4
D UL R dl L FS DR,2,14,59,9,3,15,3
D UL R L dl FS DR,2,14,59,9,3,19,4
D UL R L FS dl DR,2,14,59,9,3,17,4
dl D L R UL FS DR,2,14,59,9,3,18,4
dl D L UL FS R DR,2,14,59,9,3,12,3
dl D L UL R FS DR,2,14,59,9,3,14,3
dl D R L UL FS DR,2,14,59,9,3,16,4
dl D R UL L FS DR,2,14,59,9,3,14,3
dl D UL L FS R DR,2,14,59,9,3,12,3
dl D UL L R FS DR,2,14,59,9,3,16,4
dl D UL R L FS DR,2,14,59,9,3,18,4
dl L D R UL FS DR,2,14,59,9,3,16,3
dl L D UL FS R DR,2,14,59,9,3,14,3
dl L D UL R FS DR,2,14,59,9,3,16,3
dl L R D UL FS DR,2,14,59,9,3,18,4
dl L R UL D FS DR,2,14,59,9,3,18,4
dl L R UL FS D DR,2,14,59,9,3,16,4
dl L UL D FS R DR,2,14,59,9,3,12,3
dl L UL D R FS DR,2,14,59,9,3,14,3
dl L UL FS D R DR,2,14,59,9,3,12,3
dl L UL FS R D DR,2,14,59,9,3,12,3
dl L UL R D FS DR,2,14,59,9,3,14,3
dl L UL R FS D DR,2,14,59,9,3,12,3
dl R D L UL FS DR,2,14,59,9,3,12,3
dl R D UL L FS DR,2,14,59,9,3,12,3
dl R L D UL FS DR,2,14,59,9,3,16,4
dl R L UL D FS DR,2,14,59,9,3,14,4
dl R L UL FS D DR,2,14,59,9,3,12,4
dl R UL D L FS DR,2,14,59,9,3,14,3
dl R UL L D FS DR,2,14,59,9,3,12,3
dl R UL L FS D DR,2,14,59,9,3,10,3
dl UL D L FS R DR,2,14,59,9,3,12,3
dl UL D L R FS DR,2,14,59,9,3,16,4
dl UL D R L FS DR,2,14,59,9,3,16,4
dl UL L D FS R DR,2,14,59,9,3,10,2
dl UL L D R FS DR,2,14,59,9,3,12,3
dl UL L FS D R DR,2,14,59,9,3,10,2
dl UL L FS R D DR,2,14,59,9,3,10,2
dl UL L R D FS DR,2,14,59,9,3,14,4
dl UL L R FS D DR,2,14,59,9,3,12,4
dl UL R D L FS DR,2,14,59,9,3,14,3
dl UL R L D FS DR,2,14,59,9,3,16,4
dl UL R L FS D DR,2,14,59,9,3,14,4
L D dl R UL FS DR,2,14,59,9,3,15,3
L D dl UL FS R DR,2,14,59,9,3,13,3
L D dl UL R FS DR,2,14,59,9,3,15,3
L D R dl UL FS DR,2,14,59,9,3,13,3
L D R UL dl FS DR,2,14,59,9,3,15,3
L D R UL FS dl DR,2,14,59,9,3,15,3
L D UL dl FS R DR,2,14,59,9,3,13,3
L D UL dl R FS DR,2,14,59,9,3,13,3
L D UL FS dl R DR,2,14,59,9,3,13,3
L D UL FS R dl DR,2,14,59,9,3,13,3
L D UL R dl FS DR,2,14,59,9,3,15,3
L D UL R FS dl DR,2,14,59,9,3,15,3
L dl D R UL FS DR,2,14,59,9,3,17,3
L dl D UL FS R DR,2,14,59,9,3,15,3
L dl D UL R FS DR,2,14,59,9,3,17,3
L dl R D UL FS DR,2,14,59,9,3,15,3
L dl R UL D FS DR,2,14,59,9,3,15,3
L dl R UL FS D DR,2,14,59,9,3,13,3
L dl UL D FS R DR,2,14,59,9,3,13,3
L dl UL D R FS DR,2,14,59,9,3,15,3
L dl UL FS D R DR,2,14,59,9,3,13,3
L dl UL FS R D DR,2,14,59,9,3,13,3
L dl UL R D FS DR,2,14,59,9,3,15,3
L dl UL R FS D DR,2,14,59,9,3,13,3
L R D dl UL FS DR,2,14,59,9,3,17,4
L R D UL dl FS DR,2,14,59,9,3,17,4
L R D UL FS dl DR,2,14,59,9,3,17,4
L R dl D UL FS DR,2,14,59,9,3,17,4
L R dl UL D FS DR,2,14,59,9,3,15,4
L R dl UL FS D DR,2,14,59,9,3,13,4
L R UL D dl FS DR,2,14,59,9,3,19,4
L R UL D FS dl DR,2,14,59,9,3,17,4
L R UL dl D FS DR,2,14,59,9,3,17,4
L R UL dl FS D DR,2,14,59,9,3,15,4
L R UL FS D dl DR,2,14,59,9,3,17,4
L R UL FS dl D DR,2,14,59,9,3,17,4
L UL D dl FS R DR,2,14,59,9,3,13,3
L UL D dl R FS DR,2,14,59,9,3,13,3
L UL D FS dl R DR,2,14,59,9,3,11,3
L UL D FS R dl DR,2,14,59,9,3,11,3
L UL D R dl FS DR,2,14,59,9,3,13,3
L UL D R FS dl DR,2,14,59,9,3,13,3
L UL dl D FS R DR,2,14,59,9,3,11,3
L UL dl D R FS DR,2,14,59,9,3,13,3
L UL dl FS D R DR,2,14,59,9,3,11,3
L UL dl FS R D DR,2,14,59,9,3,11,3
L UL dl R D FS DR,2,14,59,9,3,11,3
L UL dl R FS D DR,2,14,59,9,3,9,2
L UL FS D dl R DR,2,14,59,9,3,11,3
L UL FS D R dl DR,2,14,59,9,3,11,3
L UL FS dl D R DR,2,14,59,9,3,13,3
L UL FS dl R D DR,2,14,59,9,3,11,3
L UL FS R D dl DR,2,14,59,9,3,13,3
L UL FS R dl D DR,2,14,59,9,3,11,3
L UL R D dl FS DR,2,14,59,9,3,15,3
L UL R D FS dl DR,2,14,59,9,3,13,3
L UL R dl D FS DR,2,14,59,9,3,13,3
L UL R dl FS D DR,2,14,59,9,3,11,3
L UL R FS D dl DR,2,14,59,9,3,13,3
L UL R FS dl D DR,2,14,59,9,3,13,3
R D dl L UL FS DR,2,14,59,9,3,15,3
R D dl UL L FS DR,2,14,59,9,3,13,3
R D L dl UL FS DR,2,14,59,9,3,15,3
R D L UL dl FS DR,2,14,59,9,3,13,3
R D L UL FS dl DR,2,14,59,9,3,13,3
R D UL dl L FS DR,2,14,59,9,3,15,3
R D UL L dl FS DR,2,14,59,9,3,15,3
R D UL L FS dl DR,2,14,59,9,3,13,3
R dl D L UL FS DR,2,14,59,9,3,13,3
R dl D UL L FS DR,2,14,59,9,3,13,3
R dl L D UL FS DR,2,14,59,9,3,15,3
R dl L UL D FS DR,2,14,59,9,3,13,3
R dl L UL FS D DR,2,14,59,9,3,11,3
R dl UL D L FS DR,2,14,59,9,3,13,3
R dl UL L D FS DR,2,14,59,9,3,11,3
R dl UL L FS D DR,2,14,59,9,3,9,2
R L D dl UL FS DR,2,14,59,9,3,17,4
R L D UL dl FS DR,2,14,59,9,3,17,4
R L D UL FS dl DR,2,14,59,9,3,17,4
R L dl D UL FS DR,2,14,59,9,3,19,4
R L dl UL D FS DR,2,14,59,9,3,17,4
R L dl UL FS D DR,2,14,59,9,3,15,4
R L UL D dl FS DR,2,14,59,9,3,17,4
R L UL D FS dl DR,2,14,59,9,3,15,4
R L UL dl D FS DR,2,14,59,9,3,15,4
R L UL dl FS D DR,2,14,59,9,3,13,4
R L UL FS D dl DR,2,14,59,9,3,15,4
R L UL FS dl D DR,2,14,59,9,3,15,4
R UL D dl L FS DR,2,14,59,9,3,17,3
R UL D L dl FS DR,2,14,59,9,3,17,3
R UL D L FS dl DR,2,14,59,9,3,15,3
R UL dl D L FS DR,2,14,59,9,3,15,3
R UL dl L D FS DR,2,14,59,9,3,15,3
R UL dl L FS D DR,2,14,59,9,3,13,3
R UL L D dl FS DR,2,14,59,9,3,15,3
R UL L D FS dl DR,2,14,59,9,3,13,3
R UL L dl D FS DR,2,14,59,9,3,15,3
R UL L dl FS D DR,2,14,59,9,3,13,3
R UL L FS D dl DR,2,14,59,9,3,13,3
R UL L FS dl D DR,2,14,59,9,3,13,3
UL D dl L FS R DR,2,14,59,9,3,14,3
UL D dl L R FS DR,2,14,59,9,3,18,4
UL D dl R L FS DR,2,14,59,9,3,16,4
UL D L dl FS R DR,2,14,59,9,3,14,3
UL D L dl R FS DR,2,14,59,9,3,14,3
UL D L FS dl R DR,2,14,59,9,3,12,3
UL D L FS R dl DR,2,14,59,9,3,12,3
UL D L R dl FS DR,2,14,59,9,3,16,4
UL D L R FS dl DR,2,14,59,9,3,16,4
UL D R dl L FS DR,2,14,59,9,3,14,3
UL D R L dl FS DR,2,14,59,9,3,18,4
UL D R L FS dl DR,2,14,59,9,3,16,4
UL dl D L FS R DR,2,14,59,9,3,12,3
UL dl D L R FS DR,2,14,59,9,3,16,4
UL dl D R L FS DR,2,14,59,9,3,16,4
UL dl L D FS R DR,2,14,59,9,3,12,3
UL dl L D R FS DR,2,14,59,9,3,14,3
UL dl L FS D R DR,2,14,59,9,3,12,3
UL dl L FS R D DR,2,14,59,9,3,12,3
UL dl L R D FS DR,2,14,59,9,3,16,4
UL dl L R FS D DR,2,14,59,9,3,14,4
UL dl R D L FS DR,2,14,59,9,3,12,3
UL dl R L D FS DR,2,14,59,9,3,14,4
UL dl R L FS D DR,2,14,59,9,3,12,4
UL L D dl FS R DR,2,14,59,9,3,12,3
UL L D dl R FS DR,2,14,59,9,3,12,3
UL L D FS dl R DR,2,14,59,9,3,10,3
UL L D FS R dl DR,2,14,59,9,3,10,2
UL L D R dl FS DR,2,14,59,9,3,12,3
UL L D R FS dl DR,2,14,59,9,3,12,3
UL L dl D FS R DR,2,14,59,9,3,12,3
UL L dl D R FS DR,2,14,59,9,3,14,3
UL L dl FS D R DR,2,14,59,9,3,12,3
UL L dl FS R D DR,2,14,59,9,3,12,3
UL L dl R D FS DR,2,14,59,9,3,12,3
UL L dl R FS D DR,2,14,59,9,3,10,3
UL L FS D dl R DR,2,14,59,9,3,10,3
UL L FS D R dl DR,2,14,59,9,3,10,2
UL L FS dl D R DR,2,14,59,9,3,12,3
UL L FS dl R D DR,2,14,59,9,3,10,3
UL L FS R D dl DR,2,14,59,9,3,12,3
UL L FS R dl D DR,2,14,59,9,3,10,3
UL L R D dl FS DR,2,14,59,9,3,16,4
UL L R D FS dl DR,2,14,59,9,3,14,4
UL L R dl D FS DR,2,14,59,9,3,14,4
UL L R dl FS D DR,2,14,59,9,3,12,4
UL L R FS D dl DR,2,14,59,9,3,14,4
UL L R FS dl D DR,2,14,59,9,3,14,4
UL R D dl L FS DR,2,14,59,9,3,16,3
UL R D L dl FS DR,2,14,59,9,3,16,3
UL R D L FS dl DR,2,14,59,9,3,14,3
UL R dl D L FS DR,2,14,59,9,3,14,3
UL R dl L D FS DR,2,14,59,9,3,14,3
UL R dl L FS D DR,2,14,59,9,3,12,3
UL R L D dl FS DR,2,14,59,9,3,18,4
UL R L D FS dl DR,2,14,59,9,3,16,4
UL R L dl D FS DR,2,14,59,9,3,18,4
UL R L dl FS D DR,2,14,59,9,3,16,4
UL R L FS D dl DR,2,14,59,9,3,16,4
UL R L FS dl D DR,2,14,59,9,3,16,4
dl DR FS UL L D R,2,14,61,7,3,13,3
dl DR FS UL L R D,2,14,61,7,3,15,4
dl DR FS UL R D L,2,14,61,7,3,15,3
dl DR FS UL R L D,2,14,61,7,3,17,4
dl DR UL FS L D R,2,14,61,7,3,13,3
dl DR UL FS L R D,2,14,61,7,3,15,4
dl DR UL FS R D L,2,14,61,7,3,13,3
dl DR UL FS R L D,2,14,61,7,3,15,4
dl DR UL R FS D L,2,14,61,7,3,13,3
dl DR UL R FS L D,2,14,61,7,3,13,3
dl FS DR UL L D R,2,14,61,7,3,13,3
dl FS DR UL L R D,2,14,61,7,3,15,4
dl FS DR UL R D L,2,14,61,7,3,15,3
dl FS DR UL R L D,2,14,61,7,3,17,4
dl FS UL DR L D R,2,14,61,7,3,15,3
dl FS UL DR L R D,2,14,61,7,3,17,4
dl FS UL DR R D L,2,14,61,7,3,13,3
dl FS UL DR R L D,2,14,61,7,3,15,4
dl FS UL L DR D R,2,14,61,7,3,13,3
dl FS UL L DR R D,2,14,61,7,3,13,3
dl UL DR FS L D R,2,14,61,7,3,13,3
dl UL DR FS L R D,2,14,61,7,3,15,4
dl UL DR FS R D L,2,14,61,7,3,13,3
dl UL DR FS R L D,2,14,61,7,3,15,4
dl UL DR R FS D L,2,14,61,7,3,11,2
dl UL DR R FS L D,2,14,61,7,3,11,2
dl UL FS DR L D R,2,14,61,7,3,15,3
dl UL FS DR L R D,2,14,61,7,3,17,4
dl UL FS DR R D L,2,14,61,7,3,13,3
dl UL FS DR R L D,2,14,61,7,3,15,4
dl UL FS L DR D R,2,14,61,7,3,13,3
dl UL FS L DR R D,2,14,61,7,3,13,3
DR dl FS UL L D R,2,14,61,7,3,13,3
DR dl FS UL L R D,2,14,61,7,3,15,4
DR dl FS UL R D L,2,14,61,7,3,15,3
DR dl FS UL R L D,2,14,61,7,3,17,4
DR dl UL FS L D R,2,14,61,7,3,13,3
DR dl UL FS L R D,2,14,61,7,3,15,4
DR dl UL FS R D L,2,14,61,7,3,13,3
DR dl UL FS R L D,2,14,61,7,3,15,4
DR dl UL R FS D L,2,14,61,7,3,13,3
DR dl UL R FS L D,2,14,61,7,3,13,3
DR FS dl UL L D R,2,14,61,7,3,13,3
DR FS dl UL L R D,2,14,61,7,3,15,4
DR FS dl UL R D L,2,14,61,7,3,15,3
DR FS dl UL R L D,2,14,61,7,3,17,4
DR FS UL dl L D R,2,14,61,7,3,15,3
DR FS UL dl L R D,2,14,61,7,3,17,4
DR FS UL dl R D L,2,14,61,7,3,13,3
DR FS UL dl R L D,2,14,61,7,3,15,4
DR FS UL L D dl R,2,14,61,7,3,13,3
DR FS UL L dl D R,2,14,61,7,3,15,3
DR FS UL L dl R D,2,14,61,7,3,13,3
DR UL dl FS L D R,2,14,61,7,3,13,3
DR UL dl FS L R D,2,14,61,7,3,15,4
DR UL dl FS R D L,2,14,61,7,3,13,3
DR UL dl FS R L D,2,14,61,7,3,15,4
DR UL dl R FS D L,2,14,61,7,3,11,2
DR UL dl R FS L D,2,14,61,7,3,11,2
DR UL FS dl L D R,2,14,61,7,3,15,3
DR UL FS dl L R D,2,14,61,7,3,17,4
DR UL FS dl R D L,2,14,61,7,3,13,3
DR UL FS dl R L D,2,14,61,7,3,15,4
DR UL FS L D dl R,2,14,61,7,3,13,3
DR UL FS L dl D R,2,14,61,7,3,15,3
DR UL FS L dl R D,2,14,61,7,3,13,3
FS dl DR UL L D R,2,14,61,7,3,12,3
FS dl DR UL L R D,2,14,61,7,3,14,4
FS dl DR UL R D L,2,14,61,7,3,14,3
FS dl DR UL R L D,2,14,61,7,3,16,4
FS dl UL DR L D R,2,14,61,7,3,14,3
FS dl UL DR L R D,2,14,61,7,3,16,4
FS dl UL DR R D L,2,14,61,7,3,12,3
FS dl UL DR R L D,2,14,61,7,3,14,4
FS dl UL L DR D R,2,14,61,7,3,12,3
FS dl UL L DR R D,2,14,61,7,3,12,3
FS DR dl UL L D R,2,14,61,7,3,12,3
FS DR dl UL L R D,2,14,61,7,3,14,4
FS DR dl UL R D L,2,14,61,7,3,14,3
FS DR dl UL R L D,2,14,61,7,3,16,4
FS DR UL dl L D R,2,14,61,7,3,14,3
FS DR UL dl L R D,2,14,61,7,3,16,4
FS DR UL dl R D L,2,14,61,7,3,12,3
FS DR UL dl R L D,2,14,61,7,3,14,4
FS DR UL L D dl R,2,14,61,7,3,12,3
FS DR UL L dl D R,2,14,61,7,3,14,3
FS DR UL L dl R D,2,14,61,7,3,12,3
FS UL dl DR L D R,2,14,61,7,3,14,3
FS UL dl DR L R D,2,14,61,7,3,16,4
FS UL dl DR R D L,2,14,61,7,3,12,3
FS UL dl DR R L D,2,14,61,7,3,14,4
FS UL dl L DR D R,2,14,61,7,3,14,3
FS UL dl L DR R D,2,14,61,7,3,14,3
FS UL DR dl L D R,2,14,61,7,3,14,3
FS UL DR dl L R D,2,14,61,7,3,16,4
FS UL DR dl R D L,2,14,61,7,3,12,3
FS UL DR dl R L D,2,14,61,7,3,14,4
FS UL DR L D dl R,2,14,61,7,3,14,3
FS UL DR L dl D R,2,14,61,7,3,16,3
FS UL DR L dl R D,2,14,61,7,3,14,3
FS UL L dl DR D R,2,14,61,7,3,12,3
FS UL L dl DR R D,2,14,61,7,3,12,3
FS UL L DR D dl R,2,14,61,7,3,12,3
FS UL L DR dl D R,2,14,61,7,3,14,3
FS UL L DR dl R D,2,14,61,7,3,12,3
UL dl DR FS L D R,2,14,61,7,3,13,3
UL dl DR FS L R D,2,14,61,7,3,15,4
UL dl DR FS R D L,2,14,61,7,3,13,3
UL dl DR FS R L D,2,14,61,7,3,15,4
UL dl DR R FS D L,2,14,61,7,3,11,2
UL dl DR R FS L D,2,14,61,7,3,11,2
UL dl FS DR L D R,2,14,61,7,3,15,3
UL dl FS DR L R D,2,14,61,7,3,17,4
UL dl FS DR R D L,2,14,61,7,3,13,3
UL dl FS DR R L D,2,14,61,7,3,15,4
UL dl FS L DR D R,2,14,61,7,3,13,3
UL dl FS L DR R D,2,14,61,7,3,13,3
UL DR dl FS L D R,2,14,61,7,3,13,3
UL DR dl FS L R D,2,14,61,7,3,15,4
UL DR dl FS R D L,2,14,61,7,3,13,3
UL DR dl FS R L D,2,14,61,7,3,15,4
UL DR dl R FS D L,2,14,61,7,3,11,2
UL DR dl R FS L D,2,14,61,7,3,11,2
UL DR FS dl L D R,2,14,61,7,3,15,3
UL DR FS dl L R D,2,14,61,7,3,17,4
UL DR FS dl R D L,2,14,61,7,3,13,3
UL DR FS dl R L D,2,14,61,7,3,15,4
UL DR FS L D dl R,2,14,61,7,3,13,3
UL DR FS L dl D R,2,14,61,7,3,15,3
UL DR FS L dl R D,2,14,61,7,3,13,3
UL FS dl DR L D R,2,14,61,7,3,15,3
UL FS dl DR L R D,2,14,61,7,3,17,4
UL FS dl DR R D L,2,14,61,7,3,13,3
UL FS dl DR R L D,2,14,61,7,3,15,4
UL FS dl L DR D R,2,14,61,7,3,15,3
UL FS dl L DR R D,2,14,61,7,3,15,3
UL FS DR dl L D R,2,14,61,7,3,15,3
UL FS DR dl L R D,2,14,61,7,3,17,4
UL FS DR dl R D L,2,14,61,7,3,13,3
UL FS DR dl R L D,2,14,61,7,3,15,4
UL FS DR L D dl R,2,14,61,7,3,15,3
UL FS DR L dl D R,2,14,61,7,3,17,3
UL FS DR L dl R D,2,14,61,7,3,15,3
UL FS L dl DR D R,2,14,61,7,3,13,3
UL FS L dl DR R D,2,14,61,7,3,13,3
UL FS L DR D dl R,2,14,61,7,3,13,3
UL FS L DR dl D R,2,14,61,7,3,15,3
UL FS L DR dl R D,2,14,61,7,3,13,3
D dl DR FS UL L R,2,14,63,8,3,16,4
D dl DR FS UL R L,2,14,63,8,3,18,4
D dl DR UL FS L R,2,14,63,8,3,16,4
D dl DR UL FS R L,2,14,63,8,3,16,4
D dl DR UL L FS R,2,14,63,8,3,12,3
D dl DR UL R FS L,2,14,63,8,3,14,3
D dl FS DR UL L R,2,14,63,8,3,16,4
D dl FS DR UL R L,2,14,63,8,3,18,4
D dl FS UL DR L R,2,14,63,8,3,18,4
D dl FS UL DR R L,2,14,63,8,3,16,4
D dl UL DR FS L R,2,14,63,8,3,16,4
D dl UL DR FS R L,2,14,63,8,3,16,4
D dl UL DR L FS R,2,14,63,8,3,14,3
D dl UL DR R FS L,2,14,63,8,3,12,3
D dl UL FS DR L R,2,14,63,8,3,18,4
D dl UL FS DR R L,2,14,63,8,3,16,4
D DR dl FS UL L R,2,14,63,8,3,14,4
D DR dl FS UL R L,2,14,63,8,3,16,4
D DR dl UL FS L R,2,14,63,8,3,14,4
D DR dl UL FS R L,2,14,63,8,3,14,4
D DR dl UL L FS R,2,14,63,8,3,10,2
D DR dl UL R FS L,2,14,63,8,3,12,3
D DR FS dl UL L R,2,14,63,8,3,14,4
D DR FS dl UL R L,2,14,63,8,3,16,4
D DR FS R UL dl L,2,14,63,8,3,14,3
D DR FS UL dl L R,2,14,63,8,3,16,4
D DR FS UL dl R L,2,14,63,8,3,14,4
D DR FS UL L dl R,2,14,63,8,3,12,3
D DR FS UL R dl L,2,14,63,8,3,14,3
D DR UL dl FS L R,2,14,63,8,3,14,4
D DR UL dl FS R L,2,14,63,8,3,14,4
D DR UL dl L FS R,2,14,63,8,3,12,3
D DR UL dl R FS L,2,14,63,8,3,10,2
D DR UL FS dl L R,2,14,63,8,3,16,4
D DR UL FS dl R L,2,14,63,8,3,14,4
D DR UL FS L dl R,2,14,63,8,3,12,3
D DR UL FS R dl L,2,14,63,8,3,12,3
D DR UL L dl FS R,2,14,63,8,3,12,3
D DR UL L FS dl R,2,14,63,8,3,10,3
D FS dl DR UL L R,2,14,63,8,3,14,4
D FS dl DR UL R L,2,14,63,8,3,16,4
D FS dl UL DR L R,2,14,63,8,3,16,4
D FS dl UL DR R L,2,14,63,8,3,14,4
D FS DR dl UL L R,2,14,63,8,3,14,4
D FS DR dl UL R L,2,14,63,8,3,16,4
D FS DR R UL dl L,2,14,63,8,3,14,3
D FS DR UL dl L R,2,14,63,8,3,16,4
D FS DR UL dl R L,2,14,63,8,3,14,4
D FS DR UL L dl R,2,14,63,8,3,12,3
D FS DR UL R dl L,2,14,63,8,3,14,3
D FS UL dl DR L R,2,14,63,8,3,16,4
D FS UL dl DR R L,2,14,63,8,3,14,4
D FS UL DR dl L R,2,14,63,8,3,16,4
D FS UL DR dl R L,2,14,63,8,3,14,4
D FS UL DR L dl R,2,14,63,8,3,14,3
D FS UL DR R dl L,2,14,63,8,3,12,3
D UL dl DR FS L R,2,14,63,8,3,16,4
D UL dl DR FS R L,2,14,63,8,3,16,4
D UL dl DR L FS R,2,14,63,8,3,14,3
D UL dl DR R FS L,2,14,63,8,3,12,3
D UL dl FS DR L R,2,14,63,8,3,18,4
D UL dl FS DR R L,2,14,63,8,3,16,4
D UL DR dl FS L R,2,14,63,8,3,16,4
D UL DR dl FS R L,2,14,63,8,3,16,4
D UL DR dl L FS R,2,14,63,8,3,14,3
D UL DR dl R FS L,2,14,63,8,3,12,3
D UL DR FS dl L R,2,14,63,8,3,18,4
D UL DR FS dl R L,2,14,63,8,3,16,4
D UL DR FS L dl R,2,14,63,8,3,14,3
D UL DR FS R dl L,2,14,63,8,3,14,3
D UL DR L dl FS R,2,14,63,8,3,16,3
D UL DR L FS dl R,2,14,63,8,3,14,3
D UL FS dl DR L R,2,14,63,8,3,18,4
D UL FS dl DR R L,2,14,63,8,3,16,4
D UL FS DR dl L R,2,14,63,8,3,18,4
D UL FS DR dl R L,2,14,63,8,3,16,4
D UL FS DR L dl R,2,14,63,8,3,16,3
D UL FS DR R dl L,2,14,63,8,3,14,3
dl D DR FS UL L R,2,14,63,8,3,15,4
dl D DR FS UL R L,2,14,63,8,3,17,4
dl D DR UL FS L R,2,14,63,8,3,15,4
dl D DR UL FS R L,2,14,63,8,3,15,4
dl D DR UL L FS R,2,14,63,8,3,11,3
dl D DR UL R FS L,2,14,63,8,3,13,3
dl D FS DR UL L R,2,14,63,8,3,15,4
dl D FS DR UL R L,2,14,63,8,3,17,4
dl D FS UL DR L R,2,14,63,8,3,17,4
dl D FS UL DR R L,2,14,63,8,3,15,4
dl D UL DR FS L R,2,14,63,8,3,17,4
dl D UL DR FS R L,2,14,63,8,3,17,4
dl D UL DR L FS R,2,14,63,8,3,15,3
dl D UL DR R FS L,2,14,63,8,3,13,3
dl D UL FS DR L R,2,14,63,8,3,19,4
dl D UL FS DR R L,2,14,63,8,3,17,4
dl DR D FS UL L R,2,14,63,8,3,13,4
dl DR D FS UL R L,2,14,63,8,3,15,4
dl DR D UL FS L R,2,14,63,8,3,15,4
dl DR D UL FS R L,2,14,63,8,3,15,4
dl DR D UL L FS R,2,14,63,8,3,11,3
dl DR D UL R FS L,2,14,63,8,3,13,3
dl DR FS D UL L R,2,14,63,8,3,15,4
dl DR FS D UL R L,2,14,63,8,3,17,4
dl DR FS UL D L R,2,14,63,8,3,17,4
dl DR FS UL D R L,2,14,63,8,3,17,4
dl DR L UL D FS R,2,14,63,8,3,13,3
dl DR L UL FS D R,2,14,63,8,3,13,3
dl DR L UL FS R D,2,14,63,8,3,13,3
dl DR L UL R FS D,2,14,63,8,3,13,3
dl DR UL D FS L R,2,14,63,8,3,15,4
dl DR UL D FS R L,2,14,63,8,3,15,4
dl DR UL D L FS R,2,14,63,8,3,13,3
dl DR UL D R FS L,2,14,63,8,3,13,3
dl DR UL FS D L R,2,14,63,8,3,15,4
dl DR UL FS D R L,2,14,63,8,3,15,4
dl DR UL L D FS R,2,14,63,8,3,11,2
dl DR UL L FS D R,2,14,63,8,3,11,2
dl DR UL L FS R D,2,14,63,8,3,11,2
dl DR UL L R FS D,2,14,63,8,3,13,4
dl DR UL R D FS L,2,14,63,8,3,13,3
dl DR UL R L FS D,2,14,63,8,3,15,4
dl FS D DR UL L R,2,14,63,8,3,13,4
dl FS D DR UL R L,2,14,63,8,3,15,4
dl FS D UL DR L R,2,14,63,8,3,17,4
dl FS D UL DR R L,2,14,63,8,3,15,4
dl FS DR D UL L R,2,14,63,8,3,15,4
dl FS DR D UL R L,2,14,63,8,3,17,4
dl FS DR UL D L R,2,14,63,8,3,17,4
dl FS DR UL D R L,2,14,63,8,3,17,4
dl FS UL D DR L R,2,14,63,8,3,17,4
dl FS UL D DR R L,2,14,63,8,3,15,4
dl FS UL DR D L R,2,14,63,8,3,15,4
dl FS UL DR D R L,2,14,63,8,3,15,4
dl L DR UL D FS R,2,14,63,8,3,15,3
dl L DR UL FS D R,2,14,63,8,3,15,3
dl L DR UL FS R D,2,14,63,8,3,15,3
dl L DR UL R FS D,2,14,63,8,3,15,3
dl L UL DR D FS R,2,14,63,8,3,11,3
dl L UL DR FS D R,2,14,63,8,3,13,3
dl L UL DR FS R D,2,14,63,8,3,13,3
dl L UL DR R FS D,2,14,63,8,3,11,3
dl L UL FS DR D R,2,14,63,8,3,13,3
dl L UL FS DR R D,2,14,63,8,3,13,3
dl UL D DR FS L R,2,14,63,8,3,15,4
dl UL D DR FS R L,2,14,63,8,3,15,4
dl UL D DR L FS R,2,14,63,8,3,13,3
dl UL D DR R FS L,2,14,63,8,3,11,3
dl UL D FS DR L R,2,14,63,8,3,17,4
dl UL D FS DR R L,2,14,63,8,3,15,4
dl UL DR D FS L R,2,14,63,8,3,13,4
dl UL DR D FS R L,2,14,63,8,3,13,4
dl UL DR D L FS R,2,14,63,8,3,11,2
dl UL DR D R FS L,2,14,63,8,3,11,2
dl UL DR FS D L R,2,14,63,8,3,15,4
dl UL DR FS D R L,2,14,63,8,3,15,4
dl UL DR L D FS R,2,14,63,8,3,13,3
dl UL DR L FS D R,2,14,63,8,3,13,3
dl UL DR L FS R D,2,14,63,8,3,13,3
dl UL DR L R FS D,2,14,63,8,3,15,4
dl UL DR R D FS L,2,14,63,8,3,11,2
dl UL DR R L FS D,2,14,63,8,3,13,4
dl UL FS D DR L R,2,14,63,8,3,15,4
dl UL FS D DR R L,2,14,63,8,3,13,4
dl UL FS DR D L R,2,14,63,8,3,15,4
dl UL FS DR D R L,2,14,63,8,3,15,4
dl UL L DR D FS R,2,14,63,8,3,11,3
dl UL L DR FS D R,2,14,63,8,3,13,3
dl UL L DR FS R D,2,14,63,8,3,13,3
dl UL L DR R FS D,2,14,63,8,3,11,3
dl UL L FS DR D R,2,14,63,8,3,11,3
dl UL L FS DR R D,2,14,63,8,3,11,3
DR D dl FS UL L R,2,14,63,8,3,15,4
DR D dl FS UL R L,2,14,63,8,3,17,4
DR D dl UL FS L R,2,14,63,8,3,15,4
DR D dl UL FS R L,2,14,63,8,3,15,4
DR D dl UL L FS R,2,14,63,8,3,11,3
DR D dl UL R FS L,2,14,63,8,3,13,3
DR D FS dl UL L R,2,14,63,8,3,13,4
DR D FS dl UL R L,2,14,63,8,3,15,4
DR D FS R UL dl L,2,14,63,8,3,13,3
DR D FS UL dl L R,2,14,63,8,3,15,4
DR D FS UL dl R L,2,14,63,8,3,13,4
DR D FS UL L dl R,2,14,63,8,3,11,3
DR D FS UL R dl L,2,14,63,8,3,13,3
DR D UL dl FS L R,2,14,63,8,3,15,4
DR D UL dl FS R L,2,14,63,8,3,15,4
DR D UL dl L FS R,2,14,63,8,3,13,3
DR D UL dl R FS L,2,14,63,8,3,11,3
DR D UL FS dl L R,2,14,63,8,3,17,4
DR D UL FS dl R L,2,14,63,8,3,15,4
DR D UL FS L dl R,2,14,63,8,3,13,3
DR D UL FS R dl L,2,14,63,8,3,13,3
DR D UL L dl FS R,2,14,63,8,3,13,3
DR D UL L FS dl R,2,14,63,8,3,11,3
DR dl D FS UL L R,2,14,63,8,3,15,4
DR dl D FS UL R L,2,14,63,8,3,17,4
DR dl D UL FS L R,2,14,63,8,3,17,4
DR dl D UL FS R L,2,14,63,8,3,17,4
DR dl D UL L FS R,2,14,63,8,3,13,3
DR dl D UL R FS L,2,14,63,8,3,15,3
DR dl FS D UL L R,2,14,63,8,3,15,4
DR dl FS D UL R L,2,14,63,8,3,17,4
DR dl FS UL D L R,2,14,63,8,3,17,4
DR dl FS UL D R L,2,14,63,8,3,17,4
DR dl L UL D FS R,2,14,63,8,3,13,3
DR dl L UL FS D R,2,14,63,8,3,13,3
DR dl L UL FS R D,2,14,63,8,3,13,3
DR dl L UL R FS D,2,14,63,8,3,13,3
DR dl UL D FS L R,2,14,63,8,3,15,4
DR dl UL D FS R L,2,14,63,8,3,15,4
DR dl UL D L FS R,2,14,63,8,3,13,3
DR dl UL D R FS L,2,14,63,8,3,13,3
DR dl UL FS D L R,2,14,63,8,3,15,4
DR dl UL FS D R L,2,14,63,8,3,15,4
DR dl UL L D FS R,2,14,63,8,3,11,2
DR dl UL L FS D R,2,14,63,8,3,11,2
DR dl UL L FS R D,2,14,63,8,3,11,2
DR dl UL L R FS D,2,14,63,8,3,13,4
DR dl UL R D FS L,2,14,63,8,3,13,3
DR dl UL R L FS D,2,14,63,8,3,15,4
DR FS D dl UL L R,2,14,63,8,3,15,4
DR FS D dl UL R L,2,14,63,8,3,17,4
DR FS D R UL dl L,2,14,63,8,3,15,3
DR FS D UL dl L R,2,14,63,8,3,17,4
DR FS D UL dl R L,2,14,63,8,3,15,4
DR FS D UL L dl R,2,14,63,8,3,13,3
DR FS D UL R dl L,2,14,63,8,3,15,3
DR FS dl D UL L R,2,14,63,8,3,17,4
DR FS dl D UL R L,2,14,63,8,3,19,4
DR FS dl UL D L R,2,14,63,8,3,17,4
DR FS dl UL D R L,2,14,63,8,3,17,4
DR FS R D UL dl L,2,14,63,8,3,15,3
DR FS R UL D dl L,2,14,63,8,3,17,3
DR FS R UL dl D L,2,14,63,8,3,15,3
DR FS R UL dl L D,2,14,63,8,3,15,3
DR FS R UL L dl D,2,14,63,8,3,15,3
DR FS UL D dl L R,2,14,63,8,3,19,4
DR FS UL D dl R L,2,14,63,8,3,17,4
DR FS UL D L dl R,2,14,63,8,3,15,3
DR FS UL D R dl L,2,14,63,8,3,15,3
DR FS UL dl D L R,2,14,63,8,3,17,4
DR FS UL dl D R L,2,14,63,8,3,17,4
DR FS UL L R dl D,2,14,63,8,3,15,4
DR FS UL R D dl L,2,14,63,8,3,17,3
DR FS UL R dl D L,2,14,63,8,3,15,3
DR FS UL R dl L D,2,14,63,8,3,15,3
DR FS UL R L dl D,2,14,63,8,3,19,4
DR L dl UL D FS R,2,14,63,8,3,15,3
DR L dl UL FS D R,2,14,63,8,3,15,3
DR L dl UL FS R D,2,14,63,8,3,15,3
DR L dl UL R FS D,2,14,63,8,3,15,3
DR L UL D dl FS R,2,14,63,8,3,15,3
DR L UL D FS dl R,2,14,63,8,3,13,3
DR L UL dl D FS R,2,14,63,8,3,13,3
DR L UL dl FS D R,2,14,63,8,3,13,3
DR L UL dl FS R D,2,14,63,8,3,13,3
DR L UL dl R FS D,2,14,63,8,3,11,3
DR L UL FS D dl R,2,14,63,8,3,13,3
DR L UL FS dl D R,2,14,63,8,3,15,3
DR L UL FS dl R D,2,14,63,8,3,13,3
DR R FS D UL dl L,2,14,63,8,3,13,3
DR R FS UL D dl L,2,14,63,8,3,15,3
DR R FS UL dl D L,2,14,63,8,3,13,3
DR R FS UL dl L D,2,14,63,8,3,13,3
DR R FS UL L dl D,2,14,63,8,3,13,3
DR R UL dl FS D L,2,14,63,8,3,13,3
DR R UL dl FS L D,2,14,63,8,3,13,3
DR R UL FS D dl L,2,14,63,8,3,15,3
DR R UL FS dl D L,2,14,63,8,3,15,3
DR R UL FS dl L D,2,14,63,8,3,15,3
DR R UL FS L dl D,2,14,63,8,3,15,3
DR UL D dl FS L R,2,14,63,8,3,17,4
DR UL D dl FS R L,2,14,63,8,3,17,4
DR UL D dl L FS R,2,14,63,8,3,15,3
DR UL D dl R FS L,2,14,63,8,3,13,3
DR UL D FS dl L R,2,14,63,8,3,17,4
DR UL D FS dl R L,2,14,63,8,3,15,4
DR UL D FS L dl R,2,14,63,8,3,13,3
DR UL D FS R dl L,2,14,63,8,3,13,3
DR UL D L dl FS R,2,14,63,8,3,15,3
DR UL D L FS dl R,2,14,63,8,3,13,3
DR UL dl D FS L R,2,14,63,8,3,15,4
DR UL dl D FS R L,2,14,63,8,3,15,4
DR UL dl D L FS R,2,14,63,8,3,13,3
DR UL dl D R FS L,2,14,63,8,3,13,3
DR UL dl FS D L R,2,14,63,8,3,15,4
DR UL dl FS D R L,2,14,63,8,3,15,4
DR UL dl L D FS R,2,14,63,8,3,13,3
DR UL dl L FS D R,2,14,63,8,3,13,3
DR UL dl L FS R D,2,14,63,8,3,13,3
DR UL dl L R FS D,2,14,63,8,3,15,4
DR UL dl R D FS L,2,14,63,8,3,11,2
DR UL dl R L FS D,2,14,63,8,3,13,4
DR UL FS D dl L R,2,14,63,8,3,17,4
DR UL FS D dl R L,2,14,63,8,3,15,4
DR UL FS D L dl R,2,14,63,8,3,13,3
DR UL FS D R dl L,2,14,63,8,3,13,3
DR UL FS dl D L R,2,14,63,8,3,17,4
DR UL FS dl D R L,2,14,63,8,3,17,4
DR UL FS L R dl D,2,14,63,8,3,15,4
DR UL FS R D dl L,2,14,63,8,3,15,3
DR UL FS R dl D L,2,14,63,8,3,13,3
DR UL FS R dl L D,2,14,63,8,3,13,3
DR UL FS R L dl D,2,14,63,8,3,17,4
DR UL L D dl FS R,2,14,63,8,3,13,3
DR UL L D FS dl R,2,14,63,8,3,11,3
DR UL L dl D FS R,2,14,63,8,3,13,3
DR UL L dl FS D R,2,14,63,8,3,13,3
DR UL L dl FS R D,2,14,63,8,3,13,3
DR UL L dl R FS D,2,14,63,8,3,11,3
DR UL L FS D dl R,2,14,63,8,3,11,3
DR UL L FS dl D R,2,14,63,8,3,13,3
DR UL L FS dl R D,2,14,63,8,3,11,3
DR UL R dl FS D L,2,14,63,8,3,13,3
DR UL R dl FS L D,2,14,63,8,3,13,3
DR UL R FS D dl L,2,14,63,8,3,15,3
DR UL R FS dl D L,2,14,63,8,3,15,3
DR UL R FS dl L D,2,14,63,8,3,15,3
DR UL R FS L dl D,2,14,63,8,3,15,3
FS D dl DR UL L R,2,14,63,8,3,14,4
FS D dl DR UL R L,2,14,63,8,3,16,4
FS D dl UL DR L R,2,14,63,8,3,16,4
FS D dl UL DR R L,2,14,63,8,3,14,4
FS D DR dl UL L R,2,14,63,8,3,12,4
FS D DR dl UL R L,2,14,63,8,3,14,4
FS D DR R UL dl L,2,14,63,8,3,12,3
FS D DR UL dl L R,2,14,63,8,3,14,4
FS D DR UL dl R L,2,14,63,8,3,12,4
FS D DR UL L dl R,2,14,63,8,3,10,3
FS D DR UL R dl L,2,14,63,8,3,12,3
FS D UL dl DR L R,2,14,63,8,3,16,4
FS D UL dl DR R L,2,14,63,8,3,14,4
FS D UL DR dl L R,2,14,63,8,3,16,4
FS D UL DR dl R L,2,14,63,8,3,14,4
FS D UL DR L dl R,2,14,63,8,3,14,3
FS D UL DR R dl L,2,14,63,8,3,12,3
FS dl D DR UL L R,2,14,63,8,3,14,4
FS dl D DR UL R L,2,14,63,8,3,16,4
FS dl D UL DR L R,2,14,63,8,3,18,4
FS dl D UL DR R L,2,14,63,8,3,16,4
FS dl DR D UL L R,2,14,63,8,3,14,4
FS dl DR D UL R L,2,14,63,8,3,16,4
FS dl DR UL D L R,2,14,63,8,3,16,4
FS dl DR UL D R L,2,14,63,8,3,16,4
FS dl UL D DR L R,2,14,63,8,3,16,4
FS dl UL D DR R L,2,14,63,8,3,14,4
FS dl UL DR D L R,2,14,63,8,3,14,4
FS dl UL DR D R L,2,14,63,8,3,14,4
FS DR D dl UL L R,2,14,63,8,3,14,4
FS DR D dl UL R L,2,14,63,8,3,16,4
FS DR D R UL dl L,2,14,63,8,3,14,3
FS DR D UL dl L R,2,14,63,8,3,16,4
FS DR D UL dl R L,2,14,63,8,3,14,4
FS DR D UL L dl R,2,14,63,8,3,12,3
FS DR D UL R dl L,2,14,63,8,3,14,3
FS DR dl D UL L R,2,14,63,8,3,16,4
FS DR dl D UL R L,2,14,63,8,3,18,4
FS DR dl UL D L R,2,14,63,8,3,16,4
FS DR dl UL D R L,2,14,63,8,3,16,4
FS DR R D UL dl L,2,14,63,8,3,14,3
FS DR R UL D dl L,2,14,63,8,3,16,3
FS DR R UL dl D L,2,14,63,8,3,14,3
FS DR R UL dl L D,2,14,63,8,3,14,3
FS DR R UL L dl D,2,14,63,8,3,14,3
FS DR UL D dl L R,2,14,63,8,3,18,4
FS DR UL D dl R L,2,14,63,8,3,16,4
FS DR UL D L dl R,2,14,63,8,3,14,3
FS DR UL D R dl L,2,14,63,8,3,14,3
FS DR UL dl D L R,2,14,63,8,3,16,4
FS DR UL dl D R L,2,14,63,8,3,16,4
FS DR UL L R dl D,2,14,63,8,3,14,4
FS DR UL R D dl L,2,14,63,8,3,16,3
FS DR UL R dl D L,2,14,63,8,3,14,3
FS DR UL R dl L D,2,14,63,8,3,14,3
FS DR UL R L dl D,2,14,63,8,3,18,4
FS R DR D UL dl L,2,14,63,8,3,12,3
FS R DR UL D dl L,2,14,63,8,3,14,3
FS R DR UL dl D L,2,14,63,8,3,12,3
FS R DR UL dl L D,2,14,63,8,3,12,3
FS R DR UL L dl D,2,14,63,8,3,12,3
FS R UL DR D dl L,2,14,63,8,3,14,3
FS R UL DR dl D L,2,14,63,8,3,14,3
FS R UL DR dl L D,2,14,63,8,3,14,3
FS R UL DR L dl D,2,14,63,8,3,16,3
FS R UL L DR dl D,2,14,63,8,3,14,3
FS UL D dl DR L R,2,14,63,8,3,18,4
FS UL D dl DR R L,2,14,63,8,3,16,4
FS UL D DR dl L R,2,14,63,8,3,16,4
FS UL D DR dl R L,2,14,63,8,3,14,4
FS UL D DR L dl R,2,14,63,8,3,14,3
FS UL D DR R dl L,2,14,63,8,3,12,3
FS UL dl D DR L R,2,14,63,8,3,16,4
FS UL dl D DR R L,2,14,63,8,3,14,4
FS UL dl DR D L R,2,14,63,8,3,14,4
FS UL dl DR D R L,2,14,63,8,3,14,4
FS UL DR D dl L R,2,14,63,8,3,16,4
FS UL DR D dl R L,2,14,63,8,3,14,4
FS UL DR D L dl R,2,14,63,8,3,12,3
FS UL DR D R dl L,2,14,63,8,3,12,3
FS UL DR dl D L R,2,14,63,8,3,16,4
FS UL DR dl D R L,2,14,63,8,3,16,4
FS UL DR L R dl D,2,14,63,8,3,16,4
FS UL DR R D dl L,2,14,63,8,3,14,3
FS UL DR R dl D L,2,14,63,8,3,12,3
FS UL DR R dl L D,2,14,63,8,3,12,3
FS UL DR R L dl D,2,14,63,8,3,16,4
FS UL L DR R dl D,2,14,63,8,3,12,3
FS UL L R DR dl D,2,14,63,8,3,14,4
FS UL R DR D dl L,2,14,63,8,3,14,3
FS UL R DR dl D L,2,14,63,8,3,14,3
FS UL R DR dl L D,2,14,63,8,3,14,3
FS UL R DR L dl D,2,14,63,8,3,16,3
FS UL R L DR dl D,2,14,63,8,3,18,4
L dl DR UL D FS R,2,14,63,8,3,14,3
L dl DR UL FS D R,2,14,63,8,3,14,3
L dl DR UL FS R D,2,14,63,8,3,14,3
L dl DR UL R FS D,2,14,63,8,3,14,3
L dl UL DR D FS R,2,14,63,8,3,12,3
L dl UL DR FS D R,2,14,63,8,3,14,3
L dl UL DR FS R D,2,14,63,8,3,14,3
L dl UL DR R FS D,2,14,63,8,3,12,3
L dl UL FS DR D R,2,14,63,8,3,14,3
L dl UL FS DR R D,2,14,63,8,3,14,3
L DR dl UL D FS R,2,14,63,8,3,14,3
L DR dl UL FS D R,2,14,63,8,3,14,3
L DR dl UL FS R D,2,14,63,8,3,14,3
L DR dl UL R FS D,2,14,63,8,3,14,3
L DR UL D dl FS R,2,14,63,8,3,16,3
L DR UL D FS dl R,2,14,63,8,3,14,3
L DR UL dl D FS R,2,14,63,8,3,14,3
L DR UL dl FS D R,2,14,63,8,3,14,3
L DR UL dl FS R D,2,14,63,8,3,14,3
L DR UL dl R FS D,2,14,63,8,3,12,3
L DR UL FS D dl R,2,14,63,8,3,14,3
L DR UL FS dl D R,2,14,63,8,3,16,3
L DR UL FS dl R D,2,14,63,8,3,14,3
L UL dl DR D FS R,2,14,63,8,3,10,2
L UL dl DR FS D R,2,14,63,8,3,12,3
L UL dl DR FS R D,2,14,63,8,3,12,3
L UL dl DR R FS D,2,14,63,8,3,10,2
L UL dl FS DR D R,2,14,63,8,3,12,3
L UL dl FS DR R D,2,14,63,8,3,12,3
L UL DR D dl FS R,2,14,63,8,3,12,3
L UL DR D FS dl R,2,14,63,8,3,10,3
L UL DR dl D FS R,2,14,63,8,3,12,3
L UL DR dl FS D R,2,14,63,8,3,12,3
L UL DR dl FS R D,2,14,63,8,3,12,3
L UL DR dl R FS D,2,14,63,8,3,10,2
L UL DR FS D dl R,2,14,63,8,3,12,3
L UL DR FS dl D R,2,14,63,8,3,14,3
L UL DR FS dl R D,2,14,63,8,3,12,3
L UL FS dl DR D R,2,14,63,8,3,12,3
L UL FS dl DR R D,2,14,63,8,3,12,3
L UL FS DR D dl R,2,14,63,8,3,12,3
L UL FS DR dl D R,2,14,63,8,3,14,3
L UL FS DR dl R D,2,14,63,8,3,12,3
R DR FS D UL dl L,2,14,63,8,3,14,3
R DR FS UL D dl L,2,14,63,8,3,16,3
R DR FS UL dl D L,2,14,63,8,3,14,3
R DR FS UL dl L D,2,14,63,8,3,14,3
R DR FS UL L dl D,2,14,63,8,3,14,3
R DR UL dl FS D L,2,14,63,8,3,12,3
R DR UL dl FS L D,2,14,63,8,3,12,3
R DR UL FS D dl L,2,14,63,8,3,14,3
R DR UL FS dl D L,2,14,63,8,3,14,3
R DR UL FS dl L D,2,14,63,8,3,14,3
R DR UL FS L dl D,2,14,63,8,3,14,3
R FS DR D UL dl L,2,14,63,8,3,14,3
R FS DR UL D dl L,2,14,63,8,3,16,3
R FS DR UL dl D L,2,14,63,8,3,14,3
R FS DR UL dl L D,2,14,63,8,3,14,3
R FS DR UL L dl D,2,14,63,8,3,14,3
R FS UL DR D dl L,2,14,63,8,3,14,3
R FS UL DR dl D L,2,14,63,8,3,14,3
R FS UL DR dl L D,2,14,63,8,3,14,3
R FS UL DR L dl D,2,14,63,8,3,16,3
R FS UL L DR dl D,2,14,63,8,3,14,3
R UL DR dl FS D L,2,14,63,8,3,14,3
R UL DR dl FS L D,2,14,63,8,3,14,3
R UL DR FS D dl L,2,14,63,8,3,16,3
R UL DR FS dl D L,2,14,63,8,3,16,3
R UL DR FS dl L D,2,14,63,8,3,16,3
R UL DR FS L dl D,2,14,63,8,3,16,3
R UL FS DR D dl L,2,14,63,8,3,16,3
R UL FS DR dl D L,2,14,63,8,3,16,3
R UL FS DR dl L D,2,14,63,8,3,16,3
R UL FS DR L dl D,2,14,63,8,3,18,3
R UL FS L DR dl D,2,14,63,8,3,16,3
UL D dl DR FS L R,2,14,63,8,3,17,4
UL D dl DR FS R L,2,14,63,8,3,17,4
UL D dl DR L FS R,2,14,63,8,3,15,3
UL D dl DR R FS L,2,14,63,8,3,13,3
UL D dl FS DR L R,2,14,63,8,3,19,4
UL D dl FS DR R L,2,14,63,8,3,17,4
UL D DR dl FS L R,2,14,63,8,3,15,4
UL D DR dl FS R L,2,14,63,8,3,15,4
UL D DR dl L FS R,2,14,63,8,3,13,3
UL D DR dl R FS L,2,14,63,8,3,11,3
UL D DR FS dl L R,2,14,63,8,3,17,4
UL D DR FS dl R L,2,14,63,8,3,15,4
UL D DR FS L dl R,2,14,63,8,3,13,3
UL D DR FS R dl L,2,14,63,8,3,13,3
UL D DR L dl FS R,2,14,63,8,3,15,3
UL D DR L FS dl R,2,14,63,8,3,13,3
UL D FS dl DR L R,2,14,63,8,3,17,4
UL D FS dl DR R L,2,14,63,8,3,15,4
UL D FS DR dl L R,2,14,63,8,3,17,4
UL D FS DR dl R L,2,14,63,8,3,15,4
UL D FS DR L dl R,2,14,63,8,3,15,3
UL D FS DR R dl L,2,14,63,8,3,13,3
UL dl D DR FS L R,2,14,63,8,3,15,4
UL dl D DR FS R L,2,14,63,8,3,15,4
UL dl D DR L FS R,2,14,63,8,3,13,3
UL dl D DR R FS L,2,14,63,8,3,11,3
UL dl D FS DR L R,2,14,63,8,3,17,4
UL dl D FS DR R L,2,14,63,8,3,15,4
UL dl DR D FS L R,2,14,63,8,3,13,4
UL dl DR D FS R L,2,14,63,8,3,13,4
UL dl DR D L FS R,2,14,63,8,3,11,2
UL dl DR D R FS L,2,14,63,8,3,11,2
UL dl DR FS D L R,2,14,63,8,3,15,4
UL dl DR FS D R L,2,14,63,8,3,15,4
UL dl DR L D FS R,2,14,63,8,3,13,3
UL dl DR L FS D R,2,14,63,8,3,13,3
UL dl DR L FS R D,2,14,63,8,3,13,3
UL dl DR L R FS D,2,14,63,8,3,15,4
UL dl DR R D FS L,2,14,63,8,3,11,2
UL dl DR R L FS D,2,14,63,8,3,13,4
UL dl FS D DR L R,2,14,63,8,3,15,4
UL dl FS D DR R L,2,14,63,8,3,13,4
UL dl FS DR D L R,2,14,63,8,3,15,4
UL dl FS DR D R L,2,14,63,8,3,15,4
UL dl L DR D FS R,2,14,63,8,3,13,3
UL dl L DR FS D R,2,14,63,8,3,15,3
UL dl L DR FS R D,2,14,63,8,3,15,3
UL dl L DR R FS D,2,14,63,8,3,13,3
UL dl L FS DR D R,2,14,63,8,3,13,3
UL dl L FS DR R D,2,14,63,8,3,13,3
UL DR D dl FS L R,2,14,63,8,3,15,4
UL DR D dl FS R L,2,14,63,8,3,15,4
UL DR D dl L FS R,2,14,63,8,3,13,3
UL DR D dl R FS L,2,14,63,8,3,11,3
UL DR D FS dl L R,2,14,63,8,3,15,4
UL DR D FS dl R L,2,14,63,8,3,13,4
UL DR D FS L dl R,2,14,63,8,3,11,3
UL DR D FS R dl L,2,14,63,8,3,11,3
UL DR D L dl FS R,2,14,63,8,3,13,3
UL DR D L FS dl R,2,14,63,8,3,11,3
UL DR dl D FS L R,2,14,63,8,3,15,4
UL DR dl D FS R L,2,14,63,8,3,15,4
UL DR dl D L FS R,2,14,63,8,3,13,3
UL DR dl D R FS L,2,14,63,8,3,13,3
UL DR dl FS D L R,2,14,63,8,3,15,4
UL DR dl FS D R L,2,14,63,8,3,15,4
UL DR dl L D FS R,2,14,63,8,3,13,3
UL DR dl L FS D R,2,14,63,8,3,13,3
UL DR dl L FS R D,2,14,63,8,3,13,3
UL DR dl L R FS D,2,14,63,8,3,15,4
UL DR dl R D FS L,2,14,63,8,3,11,2
UL DR dl R L FS D,2,14,63,8,3,13,4
UL DR FS D dl L R,2,14,63,8,3,17,4
UL DR FS D dl R L,2,14,63,8,3,15,4
UL DR FS D L dl R,2,14,63,8,3,13,3
UL DR FS D R dl L,2,14,63,8,3,13,3
UL DR FS dl D L R,2,14,63,8,3,17,4
UL DR FS dl D R L,2,14,63,8,3,17,4
UL DR FS L R dl D,2,14,63,8,3,15,4
UL DR FS R D dl L,2,14,63,8,3,15,3
UL DR FS R dl D L,2,14,63,8,3,13,3
UL DR FS R dl L D,2,14,63,8,3,13,3
UL DR FS R L dl D,2,14,63,8,3,17,4
UL DR L D dl FS R,2,14,63,8,3,15,3
UL DR L D FS dl R,2,14,63,8,3,13,3
UL DR L dl D FS R,2,14,63,8,3,15,3
UL DR L dl FS D R,2,14,63,8,3,15,3
UL DR L dl FS R D,2,14,63,8,3,15,3
UL DR L dl R FS D,2,14,63,8,3,13,3
UL DR L FS D dl R,2,14,63,8,3,13,3
UL DR L FS dl D R,2,14,63,8,3,15,3
UL DR L FS dl R D,2,14,63,8,3,13,3
UL DR R dl FS D L,2,14,63,8,3,11,3
UL DR R dl FS L D,2,14,63,8,3,11,3
UL DR R FS D dl L,2,14,63,8,3,13,3
UL DR R FS dl D L,2,14,63,8,3,13,3
UL DR R FS dl L D,2,14,63,8,3,13,3
UL DR R FS L dl D,2,14,63,8,3,13,3
UL FS D dl DR L R,2,14,63,8,3,17,4
UL FS D dl DR R L,2,14,63,8,3,15,4
UL FS D DR dl L R,2,14,63,8,3,15,4
UL FS D DR dl R L,2,14,63,8,3,13,4
UL FS D DR L dl R,2,14,63,8,3,13,3
UL FS D DR R dl L,2,14,63,8,3,11,3
UL FS dl D DR L R,2,14,63,8,3,17,4
UL FS dl D DR R L,2,14,63,8,3,15,4
UL FS dl DR D L R,2,14,63,8,3,15,4
UL FS dl DR D R L,2,14,63,8,3,15,4
UL FS DR D dl L R,2,14,63,8,3,17,4
UL FS DR D dl R L,2,14,63,8,3,15,4
UL FS DR D L dl R,2,14,63,8,3,13,3
UL FS DR D R dl L,2,14,63,8,3,13,3
UL FS DR dl D L R,2,14,63,8,3,17,4
UL FS DR dl D R L,2,14,63,8,3,17,4
UL FS DR L R dl D,2,14,63,8,3,17,4
UL FS DR R D dl L,2,14,63,8,3,15,3
UL FS DR R dl D L,2,14,63,8,3,13,3
UL FS DR R dl L D,2,14,63,8,3,13,3
UL FS DR R L dl D,2,14,63,8,3,17,4
UL FS L DR R dl D,2,14,63,8,3,13,3
UL FS L R DR dl D,2,14,63,8,3,15,4
UL FS R DR D dl L,2,14,63,8,3,13,3
UL FS R DR dl D L,2,14,63,8,3,13,3
UL FS R DR dl L D,2,14,63,8,3,13,3
UL FS R DR L dl D,2,14,63,8,3,15,3
UL FS R L DR dl D,2,14,63,8,3,17,4
UL L dl DR D FS R,2,14,63,8,3,11,3
UL L dl DR FS D R,2,14,63,8,3,13,3
UL L dl DR FS R D,2,14,63,8,3,13,3
UL L dl DR R FS D,2,14,63,8,3,11,3
UL L dl FS DR D R,2,14,63,8,3,13,3
UL L dl FS DR R D,2,14,63,8,3,13,3
UL L DR D dl FS R,2,14,63,8,3,13,3
UL L DR D FS dl R,2,14,63,8,3,11,3
UL L DR dl D FS R,2,14,63,8,3,13,3
UL L DR dl FS D R,2,14,63,8,3,13,3
UL L DR dl FS R D,2,14,63,8,3,13,3
UL L DR dl R FS D,2,14,63,8,3,11,3
UL L DR FS D dl R,2,14,63,8,3,13,3
UL L DR FS dl D R,2,14,63,8,3,15,3
UL L DR FS dl R D,2,14,63,8,3,13,3
UL L FS dl DR D R,2,14,63,8,3,11,3
UL L FS dl DR R D,2,14,63,8,3,11,3
UL L FS DR D dl R,2,14,63,8,3,11,3
UL L FS DR dl D R,2,14,63,8,3,13,3
UL L FS DR dl R D,2,14,63,8,3,11,3
UL R DR dl FS D L,2,14,63,8,3,13,3
UL R DR dl FS L D,2,14,63,8,3,13,3
UL R DR FS D dl L,2,14,63,8,3,15,3
UL R DR FS dl D L,2,14,63,8,3,15,3
UL R DR FS dl L D,2,14,63,8,3,15,3
UL R DR FS L dl D,2,14,63,8,3,15,3
UL R FS DR D dl L,2,14,63,8,3,15,3
UL R FS DR dl D L,2,14,63,8,3,15,3
UL R FS DR dl L D,2,14,63,8,3,15,3
UL R FS DR L dl D,2,14,63,8,3,17,3
UL R FS L DR dl D,2,14,63,8,3,15,3
D DR R FS UL dl L,2,14,65,9,3,12,3
D DR R UL dl FS L,2,14,65,9,3,12,3
D DR R UL FS dl L,2,14,65,9,3,14,3
D DR UL R dl FS L,2,14,65,9,3,12,3
D DR UL R FS dl L,2,14,65,9,3,14,3
D R DR FS UL dl L,2,14,65,9,3,14,3
D R DR UL dl FS L,2,14,65,9,3,12,3
D R DR UL FS dl L,2,14,65,9,3,14,3
D R UL DR dl FS L,2,14,65,9,3,14,3
D R UL DR FS dl L,2,14,65,9,3,16,3
D UL DR R dl FS L,2,14,65,9,3,12,3
D UL DR R FS dl L,2,14,65,9,3,14,3
D UL R DR dl FS L,2,14,65,9,3,14,3
D UL R DR FS dl L,2,14,65,9,3,16,3
DR D R FS UL dl L,2,14,65,9,3,13,3
DR D R UL dl FS L,2,14,65,9,3,13,3
DR D R UL FS dl L,2,14,65,9,3,15,3
DR D UL R dl FS L,2,14,65,9,3,13,3
DR D UL R FS dl L,2,14,65,9,3,15,3
DR L R UL dl FS D,2,14,65,9,3,17,4
DR L R UL FS dl D,2,14,65,9,3,19,4
DR L UL FS R dl D,2,14,65,9,3,13,3
DR L UL R dl FS D,2,14,65,9,3,13,3
DR L UL R FS dl D,2,14,65,9,3,15,3
DR R D FS UL dl L,2,14,65,9,3,13,3
DR R D UL dl FS L,2,14,65,9,3,13,3
DR R D UL FS dl L,2,14,65,9,3,15,3
DR R L UL dl FS D,2,14,65,9,3,13,4
DR R L UL FS dl D,2,14,65,9,3,15,4
DR R UL D dl FS L,2,14,65,9,3,15,3
DR R UL D FS dl L,2,14,65,9,3,15,3
DR R UL dl D FS L,2,14,65,9,3,13,3
DR R UL dl L FS D,2,14,65,9,3,13,3
DR R UL L dl FS D,2,14,65,9,3,13,3
DR R UL L FS dl D,2,14,65,9,3,13,3
DR UL D R dl FS L,2,14,65,9,3,13,3
DR UL D R FS dl L,2,14,65,9,3,15,3
DR UL L FS R dl D,2,14,65,9,3,11,3
DR UL L R dl FS D,2,14,65,9,3,13,4
DR UL L R FS dl D,2,14,65,9,3,15,4
DR UL R D dl FS L,2,14,65,9,3,15,3
DR UL R D FS dl L,2,14,65,9,3,15,3
DR UL R dl D FS L,2,14,65,9,3,13,3
DR UL R dl L FS D,2,14,65,9,3,13,3
DR UL R L dl FS D,2,14,65,9,3,17,4
DR UL R L FS dl D,2,14,65,9,3,17,4
L DR R UL dl FS D,2,14,65,9,3,14,3
L DR R UL FS dl D,2,14,65,9,3,16,3
L DR UL FS R dl D,2,14,65,9,3,14,3
L DR UL R dl FS D,2,14,65,9,3,14,3
L DR UL R FS dl D,2,14,65,9,3,16,3
L R DR UL dl FS D,2,14,65,9,3,14,4
L R DR UL FS dl D,2,14,65,9,3,16,4
L R UL DR dl FS D,2,14,65,9,3,16,4
L R UL DR FS dl D,2,14,65,9,3,18,4
L R UL FS DR dl D,2,14,65,9,3,18,4
L UL DR FS R dl D,2,14,65,9,3,12,3
L UL DR R dl FS D,2,14,65,9,3,10,3
L UL DR R FS dl D,2,14,65,9,3,12,3
L UL FS DR R dl D,2,14,65,9,3,12,3
L UL FS R DR dl D,2,14,65,9,3,12,3
L UL R DR dl FS D,2,14,65,9,3,12,3
L UL R DR FS dl D,2,14,65,9,3,14,3
L UL R FS DR dl D,2,14,65,9,3,14,3
R D DR FS UL dl L,2,14,65,9,3,14,3
R D DR UL dl FS L,2,14,65,9,3,12,3
R D DR UL FS dl L,2,14,65,9,3,14,3
R D UL DR dl FS L,2,14,65,9,3,14,3
R D UL DR FS dl L,2,14,65,9,3,16,3
R DR D FS UL dl L,2,14,65,9,3,12,3
R DR D UL dl FS L,2,14,65,9,3,12,3
R DR D UL FS dl L,2,14,65,9,3,14,3
R DR L UL dl FS D,2,14,65,9,3,12,3
R DR L UL FS dl D,2,14,65,9,3,14,3
R DR UL D dl FS L,2,14,65,9,3,14,3
R DR UL D FS dl L,2,14,65,9,3,14,3
R DR UL dl D FS L,2,14,65,9,3,12,3
R DR UL dl L FS D,2,14,65,9,3,12,3
R DR UL L dl FS D,2,14,65,9,3,12,3
R DR UL L FS dl D,2,14,65,9,3,12,3
R L DR UL dl FS D,2,14,65,9,3,16,4
R L DR UL FS dl D,2,14,65,9,3,18,4
R L UL DR dl FS D,2,14,65,9,3,14,4
R L UL DR FS dl D,2,14,65,9,3,16,4
R L UL FS DR dl D,2,14,65,9,3,16,4
R UL D DR dl FS L,2,14,65,9,3,14,3
R UL D DR FS dl L,2,14,65,9,3,16,3
R UL DR D dl FS L,2,14,65,9,3,14,3
R UL DR D FS dl L,2,14,65,9,3,14,3
R UL DR dl D FS L,2,14,65,9,3,14,3
R UL DR dl L FS D,2,14,65,9,3,14,3
R UL DR L dl FS D,2,14,65,9,3,16,3
R UL DR L FS dl D,2,14,65,9,3,16,3
R UL L DR dl FS D,2,14,65,9,3,14,3
R UL L DR FS dl D,2,14,65,9,3,16,3
R UL L FS DR dl D,2,14,65,9,3,14,3
UL D DR R dl FS L,2,14,65,9,3,11,3
UL D DR R FS dl L,2,14,65,9,3,13,3
UL D R DR dl FS L,2,14,65,9,3,13,3
UL D R DR FS dl L,2,14,65,9,3,15,3
UL DR D R dl FS L,2,14,65,9,3,11,3
UL DR D R FS dl L,2,14,65,9,3,13,3
UL DR L FS R dl D,2,14,65,9,3,13,3
UL DR L R dl FS D,2,14,65,9,3,15,4
UL DR L R FS dl D,2,14,65,9,3,17,4
UL DR R D dl FS L,2,14,65,9,3,13,3
UL DR R D FS dl L,2,14,65,9,3,13,3
UL DR R dl D FS L,2,14,65,9,3,11,3
UL DR R dl L FS D,2,14,65,9,3,11,3
UL DR R L dl FS D,2,14,65,9,3,15,4
UL DR R L FS dl D,2,14,65,9,3,15,4
UL L DR FS R dl D,2,14,65,9,3,13,3
UL L DR R dl FS D,2,14,65,9,3,11,3
UL L DR R FS dl D,2,14,65,9,3,13,3
UL L FS DR R dl D,2,14,65,9,3,11,3
UL L FS R DR dl D,2,14,65,9,3,11,3
UL L R DR dl FS D,2,14,65,9,3,13,4
UL L R DR FS dl D,2,14,65,9,3,15,4
UL L R FS DR dl D,2,14,65,9,3,15,4
UL R D DR dl FS L,2,14,65,9,3,13,3
UL R D DR FS dl L,2,14,65,9,3,15,3
UL R DR D dl FS L,2,14,65,9,3,13,3
UL R DR D FS dl L,2,14,65,9,3,13,3
UL R DR dl D FS L,2,14,65,9,3,13,3
UL R DR dl L FS D,2,14,65,9,3,13,3
UL R DR L dl FS D,2,14,65,9,3,15,3
UL R DR L FS dl D,2,14,65,9,3,15,3
UL R L DR dl FS D,2,14,65,9,3,17,4
UL R L DR FS dl D,2,14,65,9,3,19,4
UL R L FS DR dl D,2,14,65,9,3,17,4
